gene	GRACE	Homann	Mitchell	Noble
orf19.10	1	0	0	0
orf19.1010	1	0	0	0
orf19.1011	1	0	0	0
orf19.1016	1	0	0	0
orf19.1026	1	0	0	0
orf19.1029	1	0	0	0
orf19.1031	1	0	0	0
orf19.1033	1	0	0	0
orf19.1040	1	0	0	1
orf19.1042	1	0	0	0
orf19.1047	1	0	0	0
orf19.105	1	0	0	0
orf19.1058	1	0	0	0
orf19.1062	1	0	0	0
orf19.1063	1	0	0	0
orf19.1064	1	0	0	0
orf19.1066	1	0	0	0
orf19.1069	1	1	1	0
orf19.107	1	0	0	0
orf19.1070	1	0	0	0
orf19.1077	1	0	0	0
orf19.1078	1	0	0	0
orf19.1079	1	0	0	0
orf19.1084	1	0	0	0
orf19.1085	1	0	1	0
orf19.1089	1	0	1	0
orf19.111	1	0	0	0
orf19.1110	1	0	0	0
orf19.1111	1	0	0	0
orf19.1112	1	0	0	0
orf19.1114	1	0	0	0
orf19.1115	1	0	0	0
orf19.1119	1	0	0	0
orf19.1124	1	0	0	1
orf19.1125	1	0	0	0
orf19.1130	1	0	0	0
orf19.1136	1	0	0	0
orf19.1137	1	0	0	0
orf19.1142	1	0	0	0
orf19.1149	1	0	0	0
orf19.1152	1	0	0	0
orf19.1153	1	0	0	0
orf19.1154	1	0	0	0
orf19.1155	1	0	0	0
orf19.1156	1	0	0	0
orf19.1159	1	0	0	0
orf19.1160	1	0	0	0
orf19.1161	1	0	0	0
orf19.1164	1	0	0	0
orf19.1167	1	0	0	0
orf19.117	1	0	0	0
orf19.1170	1	0	0	0
orf19.1171	1	0	0	1
orf19.118	1	0	0	1
orf19.1180	1	0	0	0
orf19.1185	1	0	0	1
orf19.1191	1	0	1	0
orf19.1192	1	0	0	0
orf19.1193	1	0	0	0
orf19.1199	1	0	0	0
orf19.1204	1	0	0	0
orf19.121	1	0	0	0
orf19.122	1	0	0	0
orf19.1220	1	0	0	0
orf19.1221	1	0	0	0
orf19.1224	1	0	0	0
orf19.1229	1	0	0	0
orf19.1232	1	0	0	0
orf19.1235	1	0	0	0
orf19.1236	1	0	0	0
orf19.124	1	0	0	0
orf19.1248	1	0	0	0
orf19.1249	1	0	0	0
orf19.125	1	0	0	0
orf19.1250	1	0	0	0
orf19.1251	1	0	0	0
orf19.1254	1	0	0	0
orf19.1261	1	0	0	0
orf19.1264	1	0	0	1
orf19.1267	1	0	0	1
orf19.1270	1	0	0	1
orf19.1275	1	1	1	0
orf19.1279	1	0	0	1
orf19.1280	1	0	0	0
orf19.1282	1	0	0	1
orf19.1283	1	0	1	0
orf19.1285	1	0	0	0
orf19.1289	1	0	0	0
orf19.1291	1	0	1	0
orf19.1295	1	0	0	0
orf19.1299	1	0	0	0
orf19.1304	1	0	0	0
orf19.1305	1	0	0	0
orf19.1306	1	0	0	0
orf19.1308	1	0	0	0
orf19.1310	1	0	0	0
orf19.1311	1	0	0	0
orf19.1324	1	0	0	0
orf19.1325	1	0	0	0
orf19.1333	1	0	0	0
orf19.1335	1	0	0	0
orf19.1339	1	0	0	0
orf19.1341	1	0	1	1
orf19.1345	1	0	0	1
orf19.135	1	0	0	0
orf19.1352	1	0	0	0
orf19.1357	1	0	0	0
orf19.136	1	0	0	0
orf19.1361	1	0	0	0
orf19.1362	1	0	0	0
orf19.1363	1	0	0	0
orf19.1364	1	0	0	1
orf19.1365	1	0	0	1
orf19.1366	1	0	0	0
orf19.137	1	0	0	1
orf19.1375	1	0	0	0
orf19.1378	1	0	0	0
orf19.1381	1	0	0	0
orf19.1382	1	0	0	1
orf19.1386	1	0	0	0
orf19.1387	1	0	0	0
orf19.1388	1	0	0	0
orf19.1390	1	0	0	0
orf19.1394	1	0	1	0
orf19.1395	1	0	0	0
orf19.1402	1	0	0	0
orf19.1404	1	0	0	0
orf19.1413	1	0	0	0
orf19.1415	1	0	0	0
orf19.1419	1	0	0	0
orf19.1421	1	0	0	0
orf19.1422	1	0	0	0
orf19.1427	1	0	0	0
orf19.1434	1	0	0	0
orf19.144	1	0	0	0
orf19.1442	1	0	0	0
orf19.1444	1	0	0	0
orf19.1445	1	0	0	1
orf19.1446	1	0	0	0
orf19.1449	1	0	0	1
orf19.1457	1	0	0	0
orf19.1458	1	0	0	0
orf19.1460	1	0	0	0
orf19.1462	1	0	0	0
orf19.1465	1	0	0	0
orf19.1468	1	0	0	0
orf19.147	1	0	0	0
orf19.1477	1	0	0	0
orf19.1478	1	0	0	0
orf19.1479	1	0	0	0
orf19.1480	1	0	0	0
orf19.1490	1	0	1	1
orf19.1491	1	0	0	0
orf19.1493	1	0	0	0
orf19.150	1	0	0	0
orf19.1504	1	0	0	0
orf19.1509	1	0	1	0
orf19.151	1	0	0	0
orf19.1517	1	0	0	0
orf19.1523	1	0	0	0
orf19.1528	1	0	0	0
orf19.153	1	0	0	0
orf19.1531	1	0	0	0
orf19.1533	1	0	1	0
orf19.1537	1	0	0	0
orf19.1538	1	0	0	0
orf19.1545	1	0	0	0
orf19.1548	1	0	0	0
orf19.1555	1	0	0	0
orf19.1559	1	0	0	0
orf19.1560	1	0	0	0
orf19.1564	1	0	0	0
orf19.1568	1	0	0	0
orf19.1569	1	0	0	0
orf19.1570	1	0	0	0
orf19.1574	1	0	0	0
orf19.1575	1	0	0	0
orf19.1576	1	0	1	0
orf19.1578	1	0	0	0
orf19.158	1	0	0	0
orf19.1580	1	0	0	0
orf19.1583	1	0	0	0
orf19.1585	1	0	0	0
orf19.1586	1	0	0	1
orf19.1587	1	0	0	0
orf19.1589	1	0	1	0
orf19.1591	1	0	0	0
orf19.1598	1	0	0	0
orf19.1601	1	0	0	0
orf19.1606	1	0	0	0
orf19.1607	1	0	0	0
orf19.1608	1	0	0	0
orf19.1609	1	0	0	0
orf19.1614	1	0	1	0
orf19.1618	1	0	0	0
orf19.1622	1	0	0	0
orf19.1626	1	0	0	0
orf19.1631	1	0	0	0
orf19.1632	1	0	0	0
orf19.1633	1	0	0	0
orf19.1634	1	0	0	1
orf19.1637	1	0	0	0
orf19.1639	1	0	0	0
orf19.1641	1	0	0	0
orf19.1646	1	0	0	0
orf19.1648	1	0	0	0
orf19.1649	1	0	0	0
orf19.1658	1	0	0	0
orf19.1659	1	0	0	0
orf19.166	1	1	1	1
orf19.1661	1	0	0	0
orf19.1663	1	0	0	0
orf19.1664	1	0	0	0
orf19.1665	1	0	0	0
orf19.1667	1	0	0	0
orf19.1671	1	0	0	0
orf19.1672	1	0	0	0
orf19.1674	1	0	0	1
orf19.1675	1	0	0	0
orf19.1681	1	0	0	0
orf19.1682	1	0	0	0
orf19.1683	1	0	0	0
orf19.1686	1	0	0	0
orf19.1687	1	0	0	0
orf19.169	1	0	0	0
orf19.1698	1	0	0	0
orf19.1699	1	0	0	0
orf19.1701	1	0	0	0
orf19.1709	1	0	0	0
orf19.171	1	0	0	0
orf19.1719	1	0	0	0
orf19.172	1	0	0	0
orf19.1720	1	0	0	0
orf19.1723	1	0	0	0
orf19.1734	1	0	0	0
orf19.1738	1	0	0	0
orf19.1742	1	0	0	0
orf19.1747	1	0	0	0
orf19.1756	1	0	0	0
orf19.1760	1	0	0	0
orf19.1761	1	0	0	0
orf19.1763	1	0	0	0
orf19.1769	1	0	0	0
orf19.1771	1	0	0	0
orf19.1773	1	1	0	0
orf19.1776	1	0	0	0
orf19.1791	1	0	0	0
orf19.1792	1	0	0	0
orf19.1793	1	0	1	0
orf19.1795	1	0	1	0
orf19.1797	1	0	0	1
orf19.1799	1	0	0	0
orf19.1800	1	0	0	0
orf19.1803	1	0	0	0
orf19.1804	1	0	0	0
orf19.1805	1	0	1	0
orf19.1814	1	0	0	0
orf19.1815	1	0	0	0
orf19.1823	1	0	0	0
orf19.183	1	0	0	0
orf19.1832	1	0	0	0
orf19.1833	1	0	0	0
orf19.1836	1	0	0	0
orf19.1837	1	0	0	0
orf19.1839	1	0	0	0
orf19.1844	1	0	0	0
orf19.1847	1	0	0	0
orf19.1849	1	0	0	0
orf19.1853	1	0	0	0
orf19.1857	1	0	1	0
orf19.1862	1	0	0	0
orf19.1865	1	0	0	0
orf19.1866	1	0	0	0
orf19.1871	1	0	0	0
orf19.1878	1	0	0	0
orf19.1881	1	0	0	0
orf19.1883	1	0	0	0
orf19.1885	1	0	0	0
orf19.1886	1	0	0	0
orf19.1887	1	0	0	0
orf19.1890	1	0	0	0
orf19.1891	1	0	0	0
orf19.1896	1	0	0	0
orf19.1901	1	0	0	0
orf19.1902	1	0	0	0
orf19.1910	1	0	0	0
orf19.1911	1	0	0	0
orf19.1915	1	0	0	0
orf19.1923	1	0	0	0
orf19.1936	1	0	0	0
orf19.1940	1	0	0	0
orf19.1941	1	0	0	0
orf19.1945	1	0	0	0
orf19.1946	1	0	0	0
orf19.1949	1	0	0	0
orf19.1953	1	0	0	0
orf19.1954	1	0	0	0
orf19.1960	1	0	0	0
orf19.1966	1	0	0	0
orf19.1970	1	0	0	0
orf19.1975	1	0	0	0
orf19.1977	1	0	0	0
orf19.1978	1	0	0	0
orf19.1979	1	0	0	0
orf19.1980	1	0	0	0
orf19.1984	1	0	0	0
orf19.1986	1	0	0	0
orf19.1988	1	0	0	0
orf19.1989	1	0	0	0
orf19.1991	1	0	0	0
orf19.1995	1	0	0	0
orf19.2002	1	0	0	0
orf19.2003	1	0	0	0
orf19.2006	1	0	0	0
orf19.2007	1	0	0	0
orf19.2008	1	0	0	0
orf19.2013	1	0	0	0
orf19.2016	1	0	0	0
orf19.2019	1	0	0	0
orf19.202	1	0	0	1
orf19.2028	1	0	0	0
orf19.2029	1	0	0	0
orf19.203	1	0	0	0
orf19.2031	1	0	0	0
orf19.2040	1	0	0	0
orf19.2041	1	0	0	0
orf19.2043	1	0	0	0
orf19.2045	1	0	0	0
orf19.2046	1	0	0	0
orf19.2050	1	0	0	0
orf19.2055	1	0	0	0
orf19.2059	1	0	0	0
orf19.2060	1	0	0	0
orf19.2064	1	0	0	0
orf19.2065	1	0	0	0
orf19.2067	1	0	0	0
orf19.2072	1	0	0	0
orf19.2073	1	0	0	0
orf19.2075	1	0	1	0
orf19.2077	1	0	0	0
orf19.2084	1	0	0	0
orf19.2090	1	0	0	0
orf19.2092	1	0	0	0
orf19.2093	1	0	0	0
orf19.2094	1	0	0	0
orf19.2095	1	0	0	0
orf19.2098	1	0	0	0
orf19.2104	1	0	0	0
orf19.2105	1	0	1	0
orf19.2106	1	0	0	0
orf19.2107	1	0	0	0
orf19.211	1	0	0	0
orf19.2112	1	0	0	0
orf19.2113	1	0	0	0
orf19.2114	1	0	0	0
orf19.2115	1	0	0	0
orf19.2116	1	0	0	0
orf19.2117	1	0	0	0
orf19.212	1	0	1	0
orf19.2124	1	0	0	0
orf19.213	1	0	0	0
orf19.2131	1	0	0	0
orf19.2133	1	0	0	1
orf19.2137	1	0	0	0
orf19.2138	1	0	0	1
orf19.2143	1	0	0	0
orf19.2146	1	0	0	0
orf19.2149	1	0	0	0
orf19.2151	1	0	0	0
orf19.2157	1	0	0	1
orf19.2158	1	0	0	0
orf19.216	1	0	0	0
orf19.2160	1	0	0	0
orf19.2166	1	0	0	0
orf19.2170	1	0	0	0
orf19.2172	1	0	0	0
orf19.2175	1	0	0	0
orf19.2179	1	0	0	0
orf19.2182	1	0	0	0
orf19.2183	1	0	0	0
orf19.2186	1	0	0	0
orf19.2187	1	0	0	0
orf19.2192	1	0	0	0
orf19.2193	1	0	0	0
orf19.2194	1	0	0	0
orf19.2197	1	0	0	0
orf19.2198	1	0	0	0
orf19.2199	1	0	0	0
orf19.2209	1	0	0	0
orf19.2214	1	0	0	0
orf19.2215	1	0	0	0
orf19.2216	1	0	0	0
orf19.2217	1	0	1	1
orf19.2230	1	0	0	0
orf19.2233	1	0	0	0
orf19.2238	1	0	0	0
orf19.2241	1	0	0	0
orf19.2242	1	0	0	0
orf19.2246	1	0	0	0
orf19.2248	1	0	0	0
orf19.2251	1	0	0	0
orf19.2260	1	0	0	0
orf19.2264	1	0	0	0
orf19.2266	1	0	0	0
orf19.2267	1	0	0	0
orf19.2269	1	0	0	0
orf19.2275	1	0	0	0
orf19.2281	1	0	0	1
orf19.2282	1	0	0	1
orf19.2283	1	0	0	0
orf19.2284	1	0	0	1
orf19.2285	1	0	0	0
orf19.2287	1	0	0	0
orf19.2288	1	0	0	0
orf19.2289	1	0	0	0
orf19.2292	1	0	0	0
orf19.2298	1	0	0	0
orf19.23	1	0	0	0
orf19.2302	1	0	0	0
orf19.2303	1	0	0	0
orf19.2304	1	0	0	0
orf19.2306	1	0	0	0
orf19.2307	1	0	0	0
orf19.2308	1	0	0	0
orf19.2309	1	0	0	0
orf19.2311	1	0	0	0
orf19.2312	1	0	0	0
orf19.2313	1	0	0	0
orf19.2314	1	0	0	0
orf19.2319	1	0	0	0
orf19.232	1	0	0	0
orf19.2325	1	0	0	0
orf19.2330	1	0	0	0
orf19.2333	1	0	0	0
orf19.2334	1	0	0	0
orf19.2337	1	0	0	0
orf19.234	1	0	0	0
orf19.2340	1	0	0	1
orf19.2341	1	0	1	0
orf19.2343	1	0	0	0
orf19.2346	1	0	0	0
orf19.2347	1	0	0	0
orf19.2350	1	0	1	0
orf19.2352	1	0	0	0
orf19.2362	1	0	0	0
orf19.2363	1	0	0	0
orf19.2365	1	0	0	0
orf19.2367	1	0	0	0
orf19.2369	1	0	0	0
orf19.238	1	0	0	0
orf19.2384	1	0	0	0
orf19.2385	1	0	0	0
orf19.2386	1	0	0	0
orf19.2389	1	0	0	0
orf19.239	1	0	0	0
orf19.2391	1	0	0	0
orf19.2394	1	0	0	0
orf19.2396	1	0	0	0
orf19.2397	1	0	0	0
orf19.24	1	0	1	0
orf19.240	1	0	0	0
orf19.2400	1	0	0	0
orf19.2402	1	0	0	0
orf19.2404	1	0	0	0
orf19.2407	1	0	0	0
orf19.2411	1	0	0	0
orf19.2415	1	0	0	0
orf19.2416	1	0	0	0
orf19.2417	1	0	0	0
orf19.2418	1	0	0	0
orf19.2423	1	0	1	0
orf19.2425	1	0	0	0
orf19.2426	1	0	0	0
orf19.2434	1	0	0	0
orf19.2436	1	0	1	0
orf19.2437	1	0	0	0
orf19.2438	1	0	0	0
orf19.2439	1	0	0	0
orf19.2443	1	0	0	0
orf19.2444	1	0	0	0
orf19.2445	1	0	0	0
orf19.2446	1	0	0	0
orf19.2454	1	0	0	0
orf19.2458	1	0	1	0
orf19.246	1	0	0	0
orf19.2461	1	0	0	1
orf19.2462	1	0	0	0
orf19.2463	1	0	0	1
orf19.2467	1	0	0	0
orf19.2468	1	0	0	0
orf19.2474	1	0	0	0
orf19.2481	1	0	0	0
orf19.2484	1	0	0	1
orf19.2488	1	0	0	0
orf19.2496	1	0	0	0
orf19.25	1	0	0	0
orf19.250	1	0	0	0
orf19.2501	1	0	0	0
orf19.2504	1	0	0	0
orf19.2507	1	0	0	0
orf19.2511	1	0	0	0
orf19.2514	1	0	0	0
orf19.2517	1	0	0	1
orf19.2518	1	0	0	1
orf19.2519	1	0	0	0
orf19.2524	1	0	0	0
orf19.2528	1	0	0	0
orf19.2534	1	0	0	1
orf19.2538	1	0	0	1
orf19.2541	1	0	0	0
orf19.2546	1	0	0	0
orf19.2551	1	0	0	0
orf19.2553	1	0	0	0
orf19.2555	1	0	0	0
orf19.2557	1	0	0	0
orf19.2559	1	0	0	0
orf19.2560	1	0	0	0
orf19.2563	1	0	0	0
orf19.2564	1	0	0	0
orf19.2571	1	0	0	0
orf19.2573	1	0	0	0
orf19.2574	1	0	0	0
orf19.2575	1	0	0	0
orf19.2580	1	0	0	0
orf19.2581	1	0	0	0
orf19.2583	1	0	0	0
orf19.2594	1	0	0	0
orf19.26	1	0	0	0
orf19.260	1	0	0	1
orf19.2600	1	0	0	0
orf19.2601	1	0	0	0
orf19.2602	1	0	0	0
orf19.2607	1	0	0	0
orf19.2608	1	0	0	0
orf19.2609	1	0	0	0
orf19.2611	1	0	0	0
orf19.2618	1	0	0	0
orf19.262	1	0	0	0
orf19.2622	1	0	0	0
orf19.2626	1	0	0	0
orf19.2629	1	0	0	0
orf19.2637	1	0	0	0
orf19.2640	1	0	0	0
orf19.2641	1	0	0	0
orf19.2643	1	0	0	0
orf19.2644	1	0	0	0
orf19.2653	1	0	1	1
orf19.2655	1	0	0	0
orf19.2659	1	0	0	0
orf19.2660	1	0	1	0
orf19.2665	1	0	0	0
orf19.2666	1	0	0	0
orf19.2671	1	0	0	0
orf19.2672	1	0	0	0
orf19.2675	1	0	0	0
orf19.2677	1	0	0	0
orf19.2678	1	0	1	0
orf19.2681	1	0	0	0
orf19.2682	1	0	0	0
orf19.2687	1	0	0	0
orf19.2688	1	0	0	0
orf19.269	1	0	0	0
orf19.2690	1	0	0	0
orf19.2693	1	0	0	0
orf19.2694	1	0	0	0
orf19.2695	1	0	1	1
orf19.2703	1	0	0	1
orf19.2706	1	0	0	0
orf19.2708	1	0	0	0
orf19.2709	1	0	0	0
orf19.2712	1	0	0	0
orf19.2715	1	0	0	0
orf19.2717	1	0	0	0
orf19.2720	1	0	0	0
orf19.2727	1	0	0	0
orf19.273	1	0	0	0
orf19.2735	1	0	0	0
orf19.2736	1	0	0	0
orf19.2738	1	0	0	0
orf19.274	1	0	0	0
orf19.2747	1	1	1	0
orf19.2749	1	0	0	0
orf19.275	1	0	0	0
orf19.2751	1	0	0	0
orf19.2753	1	1	1	1
orf19.2755	1	0	0	0
orf19.2756	1	0	0	1
orf19.2760	1	0	0	0
orf19.2761	1	0	0	0
orf19.2762	1	0	1	0
orf19.277	1	0	0	0
orf19.2771	1	0	0	1
orf19.2772	1	0	0	0
orf19.2775	1	0	0	0
orf19.2778	1	0	0	0
orf19.2781	1	0	0	1
orf19.2782	1	0	0	0
orf19.2790	1	0	0	0
orf19.2791	1	0	0	0
orf19.2792	1	0	0	0
orf19.2796	1	0	0	1
orf19.2798	1	0	0	0
orf19.2799	1	0	0	0
orf19.28	1	0	0	0
orf19.2803	1	0	0	0
orf19.2810	1	0	0	0
orf19.2818	1	0	0	0
orf19.2820	1	0	0	0
orf19.2821	1	0	0	1
orf19.2825	1	0	0	0
orf19.2828	1	0	0	0
orf19.2830	1	0	0	0
orf19.2831	1	0	0	0
orf19.2835	1	0	0	0
orf19.2836	1	0	0	1
orf19.2838	1	0	0	1
orf19.2839	1	0	0	0
orf19.2842	1	1	1	1
orf19.2843	1	0	0	0
orf19.2844	1	0	0	0
orf19.2847	1	0	0	0
orf19.2848	1	0	0	0
orf19.2857	1	0	0	0
orf19.2862	1	0	0	0
orf19.2863	1	0	0	0
orf19.287	1	0	0	1
orf19.2871	1	0	0	0
orf19.2873	1	0	0	0
orf19.2875	1	0	0	0
orf19.2876	1	0	0	0
orf19.2877	1	0	0	0
orf19.2881	1	0	0	0
orf19.2882	1	0	0	0
orf19.2884	1	0	0	0
orf19.2885	1	0	0	0
orf19.2886	1	0	0	1
orf19.2887	1	0	0	0
orf19.2893	1	0	0	0
orf19.29	1	0	0	0
orf19.2908	1	0	0	0
orf19.2909	1	0	0	0
orf19.2917	1	0	0	0
orf19.2921	1	0	0	0
orf19.2922	1	0	0	0
orf19.2926	1	0	0	0
orf19.2929	1	0	0	0
orf19.2930	1	0	0	0
orf19.2934	1	0	0	0
orf19.2937	1	0	0	0
orf19.2939	1	0	0	0
orf19.2940	1	0	0	0
orf19.2941	1	0	0	1
orf19.2942	1	0	0	0
orf19.2943	1	0	0	0
orf19.2945	1	0	0	0
orf19.2946	1	0	0	0
orf19.2947	1	0	0	0
orf19.2948	1	0	0	0
orf19.2951	1	0	0	0
orf19.2952	1	0	0	1
orf19.2953	1	0	0	0
orf19.2956	1	0	0	0
orf19.2958	1	0	0	0
orf19.2960	1	0	0	0
orf19.2961	1	1	0	1
orf19.2964	1	0	0	0
orf19.2965	1	0	0	0
orf19.2966	1	0	0	0
orf19.2967	1	0	0	0
orf19.297	1	0	0	0
orf19.2970	1	0	0	0
orf19.2973	1	0	0	0
orf19.2974	1	0	0	0
orf19.2977	1	0	0	0
orf19.2983	1	0	0	0
orf19.2984	1	0	0	0
orf19.2987	1	0	0	0
orf19.2988	1	0	0	0
orf19.299	1	0	1	1
orf19.2990	1	0	1	0
orf19.2991	1	0	0	0
orf19.2996	1	0	1	0
orf19.2998	1	0	0	0
orf19.300	1	0	0	0
orf19.3000	1	0	0	0
orf19.3001	1	0	0	0
orf19.3003	1	0	0	0
orf19.3006	1	0	0	0
orf19.3010	1	0	1	0
orf19.3012	1	1	1	1
orf19.3013	1	0	0	0
orf19.3016	1	0	0	0
orf19.302	1	0	0	0
orf19.3022	1	0	0	0
orf19.3023	1	0	1	0
orf19.3026	1	0	0	0
orf19.3027	1	0	0	0
orf19.3029	1	0	0	1
orf19.3031	1	0	0	0
orf19.3034	1	0	0	0
orf19.3035	1	0	0	0
orf19.3037	1	0	0	0
orf19.3038	1	0	1	0
orf19.304	1	0	0	0
orf19.3042	1	0	0	0
orf19.3047	1	0	1	0
orf19.3049	1	0	1	1
orf19.3050	1	0	0	0
orf19.3051	1	0	0	0
orf19.3052	1	0	0	0
orf19.3054	1	0	0	0
orf19.3055	1	0	0	0
orf19.3058	1	0	0	0
orf19.3059	1	0	0	0
orf19.3060	1	0	0	1
orf19.3062	1	0	0	0
orf19.3064	1	0	0	0
orf19.3065	1	0	0	0
orf19.3066	1	0	0	1
orf19.307	1	0	0	0
orf19.3071	1	0	0	0
orf19.308	1	0	0	0
orf19.3083	1	0	0	0
orf19.3086	1	0	0	0
orf19.3087	1	0	0	0
orf19.3089	1	0	0	0
orf19.309	1	0	0	0
orf19.3098	1	0	0	0
orf19.3099	1	0	0	0
orf19.3100	1	0	0	0
orf19.3103	1	0	0	0
orf19.3106	1	0	0	0
orf19.3111	1	0	1	1
orf19.3112	1	0	1	1
orf19.3116	1	0	0	1
orf19.3121	1	0	0	0
orf19.3122	1	0	1	1
orf19.3123	1	0	0	0
orf19.3124	1	0	0	0
orf19.3126	1	0	0	0
orf19.3128	1	0	0	0
orf19.3129	1	0	0	0
orf19.313	1	0	0	0
orf19.3130	1	0	0	0
orf19.3131	1	0	0	0
orf19.3139	1	0	0	0
orf19.314	1	0	0	0
orf19.3142	1	0	0	0
orf19.3149	1	0	0	0
orf19.3150	1	0	0	0
orf19.3151	1	0	0	0
orf19.3152	1	0	0	0
orf19.316	1	0	0	0
orf19.3161	1	0	0	0
orf19.3166	1	0	0	0
orf19.3168	1	0	0	0
orf19.3169	1	0	0	0
orf19.3170	1	0	0	0
orf19.3173	1	0	0	0
orf19.3174	1	0	0	0
orf19.3175	1	0	0	0
orf19.3176	1	0	0	0
orf19.3177	1	0	0	0
orf19.3178	1	0	0	1
orf19.318	1	0	0	0
orf19.3203	1	0	0	1
orf19.3206	1	0	0	0
orf19.3207	1	0	0	1
orf19.3208	1	0	1	0
orf19.3211	1	0	0	0
orf19.3212	1	0	0	1
orf19.3213	1	0	0	0
orf19.3219	1	0	0	0
orf19.3222	1	0	0	0
orf19.3226	1	0	0	1
orf19.3227	1	0	0	0
orf19.3228	1	0	0	0
orf19.3230	1	0	0	0
orf19.3232	1	0	0	0
orf19.3234	1	0	0	0
orf19.3237	1	0	0	1
orf19.3240	1	0	0	0
orf19.3242	1	0	0	0
orf19.3243	1	0	0	0
orf19.3247	1	0	0	0
orf19.3249	1	0	0	0
orf19.325	1	0	0	0
orf19.3250	1	0	0	0
orf19.3251	1	0	0	0
orf19.3256	1	0	1	0
orf19.3259	1	0	0	0
orf19.3263	1	0	0	0
orf19.3265	1	0	0	0
orf19.3267	1	0	0	0
orf19.3273	1	0	0	0
orf19.3276	1	0	0	1
orf19.3282	1	0	0	0
orf19.329	1	0	0	0
orf19.3290	1	0	0	1
orf19.3292	1	0	0	0
orf19.3293	1	0	0	0
orf19.3298	1	0	0	0
orf19.330	1	0	0	0
orf19.3300	1	0	0	0
orf19.3301	1	0	0	0
orf19.3302	1	0	0	0
orf19.3304	1	0	0	0
orf19.3307	1	0	0	0
orf19.3308	1	1	1	0
orf19.331	1	0	0	0
orf19.3314	1	0	0	1
orf19.3317	1	0	0	1
orf19.3319	1	0	0	0
orf19.332	1	0	0	0
orf19.3321	1	0	0	0
orf19.3322	1	0	0	1
orf19.3324	1	0	0	0
orf19.3325	1	0	0	0
orf19.3327	1	0	0	0
orf19.3329	1	0	0	0
orf19.333	1	0	0	1
orf19.3330	1	0	0	1
orf19.3333	1	0	0	0
orf19.3334	1	0	0	0
orf19.3340	1	0	0	0
orf19.3341	1	0	0	0
orf19.3347	1	0	0	0
orf19.3348	1	0	0	0
orf19.3349	1	0	0	0
orf19.3352	1	0	0	0
orf19.3355	1	0	0	0
orf19.3356	1	0	0	0
orf19.336	1	0	0	0
orf19.3362	1	0	0	0
orf19.3363	1	0	0	0
orf19.3365	1	0	0	0
orf19.3366	1	0	0	0
orf19.3367	1	0	0	0
orf19.3368	1	0	0	0
orf19.3369	1	0	0	0
orf19.337	1	0	1	0
orf19.339	1	0	0	0
orf19.3391	1	0	0	0
orf19.3393	1	0	0	0
orf19.3395	1	0	0	1
orf19.3399	1	0	0	0
orf19.3402	1	0	0	1
orf19.3406	1	0	0	0
orf19.3407	1	0	1	1
orf19.3409	1	0	0	0
orf19.341	1	0	0	1
orf19.3412	1	0	0	1
orf19.3415	1	0	1	0
orf19.3417	1	0	0	1
orf19.3422	1	0	0	1
orf19.3432	1	0	0	0
orf19.3434	1	1	1	1
orf19.3441	1	0	0	0
orf19.3442	1	0	0	0
orf19.3444	1	0	0	0
orf19.3445	1	0	0	0
orf19.3447	1	0	0	0
orf19.3449	1	0	0	1
orf19.3451	1	0	0	0
orf19.3455	1	0	0	0
orf19.3458	1	0	0	0
orf19.3462	1	0	0	0
orf19.3463	1	0	0	0
orf19.3465	1	0	0	0
orf19.3466	1	0	0	0
orf19.3467	1	0	0	0
orf19.3468	1	0	0	0
orf19.3474	1	0	0	0
orf19.3476	1	0	0	0
orf19.3478	1	0	0	0
orf19.3481	1	0	0	0
orf19.3482	1	0	0	0
orf19.349	1	0	0	0
orf19.3496	1	0	0	0
orf19.350	1	0	0	0
orf19.3505	1	0	0	0
orf19.3507	1	0	0	0
orf19.351	1	0	0	0
orf19.3524	1	0	0	0
orf19.3526	1	0	0	0
orf19.3531	1	0	0	0
orf19.3532	1	0	0	0
orf19.3533	1	0	0	0
orf19.3534	1	0	0	1
orf19.3536	1	0	0	0
orf19.3539	1	0	0	0
orf19.354	1	0	0	0
orf19.3540	1	0	0	1
orf19.3541	1	0	0	1
orf19.3542	1	0	0	0
orf19.3544	1	0	0	0
orf19.3545	1	0	1	0
orf19.3546	1	0	0	0
orf19.3548	1	0	0	0
orf19.355	1	0	0	0
orf19.3551	1	0	0	0
orf19.3553	1	0	0	0
orf19.3555	1	0	0	0
orf19.3557	1	0	0	0
orf19.3558	1	0	0	0
orf19.3560	1	0	0	0
orf19.3561	1	0	0	0
orf19.3564	1	0	0	0
orf19.3567	1	0	0	0
orf19.3574	1	0	0	1
orf19.3575	1	0	0	1
orf19.3577	1	0	0	0
orf19.3581	1	0	0	0
orf19.3585	1	0	0	0
orf19.3586	1	0	0	0
orf19.3589	1	0	0	0
orf19.3590	1	0	0	0
orf19.3591	1	0	0	0
orf19.3592	1	0	0	1
orf19.3593	1	0	0	0
orf19.3606	1	0	0	0
orf19.3607	1	0	0	0
orf19.3608	1	0	0	0
orf19.3609	1	0	0	0
orf19.3612	1	0	0	0
orf19.3613	1	0	0	0
orf19.3623	1	0	0	0
orf19.3624	1	0	0	0
orf19.3627	1	0	0	0
orf19.3628	1	0	0	0
orf19.3630	1	0	0	0
orf19.3641	1	0	0	0
orf19.3642	1	0	1	0
orf19.3647	1	0	0	0
orf19.3649	1	0	0	0
orf19.3651	1	0	0	1
orf19.3658	1	0	0	0
orf19.3659	1	0	0	0
orf19.3669	1	0	0	0
orf19.367	1	0	0	0
orf19.3673	1	0	0	0
orf19.3679	1	0	0	0
orf19.3681	1	0	0	0
orf19.3686	1	0	0	0
orf19.3689	1	0	0	0
orf19.3696	1	0	0	0
orf19.3697	1	0	0	0
orf19.3699	1	0	0	0
orf19.3700	1	0	0	0
orf19.3704	1	0	0	0
orf19.3705	1	0	0	0
orf19.3710	1	0	0	1
orf19.3711	1	0	0	0
orf19.3715	1	0	0	0
orf19.3720	1	0	1	1
orf19.3724	1	0	0	0
orf19.3736	1	1	0	1
orf19.3740	1	0	0	0
orf19.3751	1	0	1	0
orf19.3759	1	0	0	0
orf19.3761	1	0	0	0
orf19.3763	1	0	0	1
orf19.3764	1	0	1	0
orf19.3765	1	0	1	1
orf19.3770	1	0	0	0
orf19.3778	1	0	0	1
orf19.3785	1	0	0	0
orf19.379	1	0	0	0
orf19.3792	1	0	0	0
orf19.3795	1	0	0	0
orf19.3796	1	0	0	0
orf19.3799	1	0	0	1
orf19.3803	1	0	0	1
orf19.3804	1	0	0	0
orf19.3810	1	0	0	0
orf19.3811	1	0	0	1
orf19.3815	1	0	0	0
orf19.3817	1	0	0	0
orf19.3822	1	0	0	0
orf19.3823	1	0	0	0
orf19.3831	1	0	0	0
orf19.3841	1	0	1	0
orf19.3846	1	0	0	0
orf19.3852	1	0	0	0
orf19.3854	1	0	1	1
orf19.3856	1	0	0	1
orf19.3859	1	0	0	0
orf19.386	1	0	0	0
orf19.3861	1	0	0	0
orf19.3862	1	0	0	0
orf19.3867	1	0	0	0
orf19.387	1	0	0	0
orf19.3870	1	0	0	0
orf19.3873	1	0	0	1
orf19.3874	1	0	0	1
orf19.388	1	0	0	0
orf19.3888	1	0	0	1
orf19.3895	1	0	1	1
orf19.3898	1	0	0	0
orf19.3901	1	0	0	1
orf19.3910	1	0	0	0
orf19.3911	1	0	0	0
orf19.3912	1	1	0	1
orf19.3915	1	0	0	0
orf19.3920	1	0	0	0
orf19.3921	1	0	0	0
orf19.3922	1	0	0	0
orf19.3923	1	0	0	0
orf19.3926	1	0	0	0
orf19.3929	1	0	0	0
orf19.3930	1	0	0	0
orf19.3932	1	0	0	0
orf19.3937	1	0	0	0
orf19.3938	1	0	0	0
orf19.3941	1	0	0	0
orf19.395	1	0	0	0
orf19.3950	1	0	0	0
orf19.3951	1	0	0	0
orf19.3952	1	0	0	0
orf19.3954	1	0	0	0
orf19.3955	1	0	0	0
orf19.3957	1	0	0	0
orf19.3960	1	0	0	0
orf19.3962	1	0	0	0
orf19.3964	1	0	0	0
orf19.3966	1	0	1	1
orf19.3970	1	0	0	0
orf19.3980	1	0	0	0
orf19.3981	1	0	0	0
orf19.3982	1	0	0	1
orf19.3983	1	0	0	0
orf19.3986	1	1	1	0
orf19.3990	1	0	0	0
orf19.3991	1	0	0	0
orf19.3995	1	0	1	1
orf19.3996	1	0	0	0
orf19.4000	1	1	0	0
orf19.4001	1	0	1	0
orf19.4003	1	0	0	0
orf19.4004	1	0	0	0
orf19.4005	1	0	0	0
orf19.4006	1	0	0	0
orf19.401	1	0	0	0
orf19.4010	1	0	1	0
orf19.4011	1	0	0	1
orf19.4013	1	0	0	0
orf19.4014	1	0	0	1
orf19.4015	1	0	0	1
orf19.4016	1	0	0	0
orf19.4023	1	0	0	0
orf19.4024	1	0	0	0
orf19.4025	1	0	0	0
orf19.4026	1	0	0	0
orf19.4028	1	0	0	1
orf19.4029	1	0	0	0
orf19.403	1	0	0	1
orf19.4030	1	0	0	0
orf19.4031	1	0	0	0
orf19.4032	1	0	0	0
orf19.4033	1	0	0	0
orf19.4035	1	0	0	1
orf19.4040	1	0	0	0
orf19.405	1	0	0	0
orf19.406	1	0	0	0
orf19.4060	1	0	0	0
orf19.4062	1	0	1	0
orf19.4063	1	0	0	0
orf19.407	1	0	0	0
orf19.4077	1	0	0	0
orf19.4078	1	0	0	0
orf19.4079	1	0	0	0
orf19.4088	1	0	0	0
orf19.4089	1	0	0	1
orf19.4093	1	0	0	0
orf19.410	1	0	0	0
orf19.4106	1	0	0	0
orf19.4112	1	0	0	0
orf19.4118	1	0	0	1
orf19.4119	1	0	0	0
orf19.412	1	0	0	0
orf19.4120	1	0	0	0
orf19.4125	1	0	1	0
orf19.4128	1	0	0	0
orf19.4131	1	0	0	0
orf19.4133	1	0	0	0
orf19.4136	1	0	0	0
orf19.414	1	0	0	0
orf19.4142	1	0	0	0
orf19.4146	1	0	0	0
orf19.4147	1	0	0	0
orf19.415	1	0	0	0
orf19.4151	1	0	0	0
orf19.4152	1	0	0	0
orf19.4154	1	0	0	0
orf19.4160	1	0	0	0
orf19.4161	1	0	0	0
orf19.4168	1	0	0	0
orf19.4171	1	0	0	0
orf19.4175	1	0	0	1
orf19.4176	1	0	0	0
orf19.418	1	0	0	0
orf19.4183	1	0	0	1
orf19.4186	1	0	0	0
orf19.4187	1	0	0	0
orf19.4190	1	0	0	0
orf19.4191	1	0	0	0
orf19.4192	1	0	0	0
orf19.4194	1	0	0	0
orf19.4195	1	0	0	1
orf19.4197	1	0	0	0
orf19.4199	1	0	0	0
orf19.4201	1	0	0	0
orf19.4203	1	0	0	0
orf19.4205	1	0	0	0
orf19.4208	1	0	0	0
orf19.4210	1	0	0	0
orf19.4211	1	0	0	1
orf19.4213	1	0	0	0
orf19.4219	1	0	0	0
orf19.4221	1	0	0	0
orf19.4223	1	0	0	0
orf19.4229	1	0	0	0
orf19.423	1	0	0	0
orf19.4230	1	0	0	0
orf19.4231	1	0	0	0
orf19.4232	1	0	0	0
orf19.4233	1	0	0	0
orf19.4236	1	0	0	0
orf19.4240	1	0	0	0
orf19.4242	1	0	1	1
orf19.425	1	0	1	0
orf19.4252	1	0	1	0
orf19.4255	1	0	1	0
orf19.4258	1	0	0	0
orf19.4262	1	0	0	0
orf19.4265	1	0	0	1
orf19.4268	1	0	0	0
orf19.4274	1	0	0	0
orf19.4279	1	0	0	0
orf19.428	1	0	1	0
orf19.4281	1	0	0	0
orf19.4283	1	0	0	0
orf19.4287	1	0	0	0
orf19.4288	1	1	1	0
orf19.4290	1	0	0	0
orf19.4293	1	0	0	0
orf19.4294	1	0	0	0
orf19.4297	1	0	1	0
orf19.4299	1	0	0	0
orf19.4306	1	0	0	0
orf19.4308	1	0	1	1
orf19.4309	1	0	0	0
orf19.4312	1	0	0	1
orf19.4316	1	0	0	0
orf19.4318	1	1	1	0
orf19.4324	1	0	0	0
orf19.4325	1	0	0	0
orf19.4326	1	0	0	0
orf19.4334	1	0	0	0
orf19.4336	1	0	0	0
orf19.4339	1	0	0	0
orf19.4341	1	0	0	0
orf19.4346	1	0	0	0
orf19.4347	1	0	1	0
orf19.4348	1	0	0	0
orf19.4351	1	0	0	0
orf19.4353	1	0	0	1
orf19.4356	1	0	0	0
orf19.4357	1	0	0	0
orf19.4363	1	0	0	0
orf19.4365	1	0	0	0
orf19.4366	1	0	0	0
orf19.4367	1	0	0	0
orf19.4370	1	0	0	0
orf19.4371	1	0	0	0
orf19.4372	1	0	0	0
orf19.4373	1	0	0	0
orf19.4374	1	0	0	0
orf19.4375	1	0	0	0
orf19.4376	1	0	0	1
orf19.4377	1	0	0	0
orf19.4381	1	0	0	0
orf19.4382	1	0	0	0
orf19.4388	1	0	0	0
orf19.4396	1	0	0	0
orf19.441	1	0	0	0
orf19.4410	1	0	0	0
orf19.4414	1	0	0	0
orf19.4416	1	0	0	0
orf19.4424	1	0	0	1
orf19.4427	1	0	0	0
orf19.443	1	0	0	0
orf19.4435	1	0	0	0
orf19.444	1	0	0	0
orf19.4441	1	0	0	0
orf19.4443	1	0	0	0
orf19.4446	1	0	0	0
orf19.4447	1	0	0	0
orf19.4448	1	0	0	0
orf19.445	1	0	0	0
orf19.4451	1	0	0	0
orf19.4459	1	0	0	1
orf19.4461	1	0	0	0
orf19.4466	1	0	0	1
orf19.4471	1	0	0	1
orf19.4473	1	0	0	0
orf19.4475	1	0	1	1
orf19.4479	1	0	0	0
orf19.4491	1	0	0	0
orf19.4492	1	0	0	0
orf19.4494	1	0	0	0
orf19.4496	1	0	0	1
orf19.4497	1	0	0	0
orf19.4499	1	0	0	0
orf19.4506	1	0	0	0
orf19.4518	1	0	1	0
orf19.4519	1	0	1	0
orf19.4520	1	0	0	0
orf19.4524	1	1	1	1
orf19.4525	1	0	0	0
orf19.4526	1	0	0	0
orf19.4528	1	0	0	0
orf19.4534	1	0	0	0
orf19.4538	1	0	0	0
orf19.4542	1	0	0	0
orf19.4545	1	1	0	1
orf19.4546	1	0	0	0
orf19.4548	1	0	0	0
orf19.4551	1	0	0	0
orf19.4560	1	0	0	0
orf19.4563	1	0	0	0
orf19.4566	1	0	0	1
orf19.4569	1	0	0	1
orf19.457	1	0	0	0
orf19.4571	1	0	0	0
orf19.4573	1	1	1	1
orf19.4577	1	0	0	0
orf19.4579	1	0	0	0
orf19.4581	1	0	0	0
orf19.4582	1	0	0	0
orf19.4584	1	0	0	0
orf19.4585	1	0	0	0
orf19.4587	1	0	0	0
orf19.459	1	0	0	1
orf19.4592	1	0	0	1
orf19.4593	1	0	0	1
orf19.4594	1	0	0	0
orf19.4599	1	0	0	0
orf19.4601	1	0	0	0
orf19.4606	1	0	0	0
orf19.4608	1	0	0	0
orf19.4610	1	0	0	0
orf19.4612	1	0	0	0
orf19.4614	1	0	0	0
orf19.4616	1	0	0	0
orf19.4617	1	0	0	0
orf19.4618	1	0	0	0
orf19.4620	1	0	0	1
orf19.4624	1	0	0	0
orf19.4625	1	0	0	0
orf19.4626	1	0	0	0
orf19.4628	1	0	0	1
orf19.4629	1	0	0	0
orf19.4630	1	0	0	0
orf19.4631	1	0	0	0
orf19.4633	1	0	0	0
orf19.4635	1	0	0	0
orf19.4639	1	0	0	0
orf19.4640	1	0	0	1
orf19.4641	1	0	0	0
orf19.4650	1	0	0	0
orf19.4655	1	0	0	1
orf19.4658	1	0	1	1
orf19.4659	1	0	0	0
orf19.4668	1	0	1	0
orf19.4678	1	0	0	1
orf19.4679	1	0	0	0
orf19.4681	1	0	0	0
orf19.4686	1	0	0	0
orf19.4688	1	0	0	1
orf19.4697	1	0	0	0
orf19.4699	1	0	0	0
orf19.4701	1	0	0	0
orf19.4704	1	0	0	0
orf19.4705	1	0	0	0
orf19.4718	1	0	0	0
orf19.4722	1	1	0	0
orf19.4724	1	0	0	1
orf19.4725	1	0	0	0
orf19.4726	1	0	0	0
orf19.473	1	0	0	0
orf19.4730	1	0	0	0
orf19.4732	1	0	0	0
orf19.4735	1	0	0	0
orf19.4736	1	0	0	0
orf19.4737	1	0	0	0
orf19.474	1	0	0	0
orf19.4743	1	0	1	0
orf19.4746	1	0	1	0
orf19.4754	1	0	0	0
orf19.4755	1	0	0	1
orf19.4757	1	0	0	0
orf19.4758	1	0	0	1
orf19.4760	1	0	0	0
orf19.4761	1	0	0	0
orf19.4764	1	0	0	0
orf19.4766	1	1	1	0
orf19.4768	1	0	0	0
orf19.4769	1	0	0	0
orf19.4771	1	0	0	1
orf19.4772	1	0	0	1
orf19.4773	1	0	0	0
orf19.4775	1	0	0	0
orf19.4778	1	1	1	0
orf19.4779	1	0	0	0
orf19.478	1	0	0	0
orf19.4780	1	0	0	0
orf19.4781	1	0	0	0
orf19.4783	1	0	0	0
orf19.4788	1	0	0	0
orf19.4798	1	0	0	0
orf19.4799	1	0	0	0
orf19.4802	1	0	0	0
orf19.4804	1	0	0	1
orf19.4805	1	0	0	1
orf19.4807	1	0	0	0
orf19.4809	1	0	0	0
orf19.4813	1	0	0	0
orf19.4815	1	0	0	0
orf19.4816	1	0	0	0
orf19.4817	1	0	0	0
orf19.482	1	0	0	0
orf19.4821	1	0	0	1
orf19.4822	1	0	0	1
orf19.4823	1	0	1	1
orf19.4826	1	0	0	0
orf19.4827	1	0	0	0
orf19.4831	1	0	0	1
orf19.4833	1	0	0	0
orf19.4835	1	0	0	0
orf19.4836	1	0	0	0
orf19.4841	1	0	0	0
orf19.4843	1	0	0	1
orf19.4844	1	0	0	1
orf19.4845	1	0	0	1
orf19.4846	1	0	1	0
orf19.4849	1	0	0	0
orf19.485	1	0	0	0
orf19.4850	1	0	0	0
orf19.4851	1	0	0	0
orf19.4855	1	0	0	0
orf19.4856	1	0	0	1
orf19.4863	1	0	0	0
orf19.4866	1	0	1	1
orf19.487	1	0	0	0
orf19.4871	1	0	0	0
orf19.4874	1	0	0	0
orf19.488	1	0	0	0
orf19.4882	1	0	0	0
orf19.4884	1	0	1	0
orf19.4887	1	0	1	0
orf19.4889	1	0	0	0
orf19.4892	1	0	1	0
orf19.4897	1	0	0	0
orf19.4898	1	0	0	0
orf19.4899	1	0	0	0
orf19.4903	1	0	0	0
orf19.4905	1	0	0	1
orf19.4906	1	0	0	0
orf19.4907	1	0	0	0
orf19.491	1	0	0	0
orf19.4916	1	0	0	1
orf19.4921	1	0	0	0
orf19.4922	1	0	0	0
orf19.4923	1	0	0	0
orf19.4927	1	0	0	0
orf19.4928	1	0	0	0
orf19.4929	1	0	0	0
orf19.4930	1	0	0	0
orf19.4931	1	0	0	0
orf19.4932	1	0	0	0
orf19.4933	1	0	0	1
orf19.4937	1	0	0	0
orf19.4939	1	0	0	0
orf19.494	1	0	0	0
orf19.4940	1	0	0	0
orf19.4941	1	1	1	1
orf19.4943	1	0	0	0
orf19.4945	1	0	0	0
orf19.4950	1	0	0	0
orf19.4953	1	0	0	0
orf19.4956	1	0	0	0
orf19.4958	1	0	1	0
orf19.496	1	0	0	0
orf19.4961	1	1	1	0
orf19.4967	1	0	0	0
orf19.498	1	0	0	0
orf19.4981	1	0	1	0
orf19.4984	1	0	0	1
orf19.4985	1	0	0	0
orf19.4987	1	0	0	0
orf19.4993	1	0	0	1
orf19.500	1	0	0	0
orf19.5004	1	0	0	0
orf19.5005	1	0	0	0
orf19.5006	1	0	0	0
orf19.5008	1	0	0	0
orf19.501	1	0	0	0
orf19.5010	1	0	0	0
orf19.5013	1	0	0	0
orf19.5016	1	0	1	0
orf19.5023	1	0	1	0
orf19.5024	1	0	0	0
orf19.5025	1	0	0	0
orf19.5026	1	1	1	0
orf19.5027	1	0	0	0
orf19.5029	1	0	0	0
orf19.5031	1	0	0	0
orf19.5037	1	0	1	0
orf19.5038	1	0	0	0
orf19.5039	1	0	0	0
orf19.5043	1	0	0	0
orf19.5053	1	0	0	0
orf19.5058	1	0	0	0
orf19.5061	1	0	0	0
orf19.5064	1	0	0	0
orf19.5066	1	0	0	0
orf19.5067	1	0	0	0
orf19.5071	1	0	0	0
orf19.5073	1	0	0	0
orf19.5074	1	0	0	0
orf19.5076	1	0	0	0
orf19.5078	1	0	0	0
orf19.5079	1	0	0	0
orf19.5081	1	0	0	0
orf19.5085	1	0	0	0
orf19.5087	1	0	0	0
orf19.5090	1	0	0	0
orf19.5093	1	0	0	0
orf19.5098	1	0	0	0
orf19.51	1	0	0	0
orf19.5102	1	0	0	0
orf19.5103	1	0	0	0
orf19.5106	1	0	0	0
orf19.511	1	0	0	0
orf19.5117	1	0	0	0
orf19.5118	1	0	0	0
orf19.512	1	0	0	0
orf19.5130	1	0	0	1
orf19.5131	1	0	0	0
orf19.514	1	0	0	0
orf19.5143	1	0	0	0
orf19.5148	1	0	0	0
orf19.5156	1	0	0	0
orf19.5159	1	0	0	0
orf19.516	1	0	0	0
orf19.5160	1	0	0	0
orf19.5163	1	0	0	0
orf19.5164	1	0	0	0
orf19.5166	1	0	0	0
orf19.5168	1	0	0	0
orf19.517	1	1	0	0
orf19.5171	1	0	0	0
orf19.5174	1	0	0	0
orf19.5178	1	0	0	1
orf19.5182	1	0	0	0
orf19.5184	1	0	0	0
orf19.5188	1	0	0	0
orf19.5196	1	0	0	0
orf19.5198	1	0	0	0
orf19.52	1	0	0	0
orf19.5200	1	0	0	1
orf19.5205	1	0	0	0
orf19.5206	1	0	0	0
orf19.5213	1	0	0	0
orf19.5214	1	0	0	0
orf19.5220	1	0	0	0
orf19.5221	1	0	0	0
orf19.5224	1	0	1	1
orf19.5226	1	0	0	0
orf19.5228	1	0	0	0
orf19.5229	1	0	0	0
orf19.5232	1	0	0	0
orf19.5234	1	0	0	1
orf19.5238	1	0	0	0
orf19.524	1	0	0	1
orf19.5242	1	0	0	0
orf19.5243	1	0	0	0
orf19.5244	1	0	0	0
orf19.5250	1	0	0	0
orf19.5253	1	0	1	0
orf19.526	1	0	0	0
orf19.5260	1	0	0	0
orf19.5263	1	0	0	0
orf19.5265	1	0	0	0
orf19.5268	1	0	0	0
orf19.5270	1	0	0	0
orf19.5278	1	0	0	0
orf19.528	1	0	0	0
orf19.5280	1	0	0	0
orf19.5291	1	0	0	1
orf19.5292	1	0	1	0
orf19.5293	1	0	0	0
orf19.5294	1	0	0	0
orf19.5295	1	0	0	0
orf19.5297	1	0	0	0
orf19.5307	1	0	0	0
orf19.5323	1	0	0	0
orf19.5326	1	1	0	1
orf19.5337	1	0	1	0
orf19.5346	1	0	0	0
orf19.5351	1	0	0	0
orf19.5352	1	0	1	1
orf19.5356	1	0	0	0
orf19.5358	1	0	0	0
orf19.536	1	0	0	1
orf19.5360	1	0	0	0
orf19.5363	1	0	0	0
orf19.5364	1	0	0	0
orf19.5377	1	0	0	0
orf19.5378	1	0	0	0
orf19.5379	1	0	0	0
orf19.538	1	0	1	0
orf19.5383	1	0	0	0
orf19.5384	1	0	0	0
orf19.5391	1	0	0	0
orf19.5392	1	0	0	0
orf19.5393	1	0	0	0
orf19.5407	1	0	0	0
orf19.541	1	0	0	0
orf19.5411	1	0	0	0
orf19.5413	1	0	0	0
orf19.5416	1	0	0	0
orf19.5418	1	0	0	0
orf19.542	1	0	0	0
orf19.5425	1	0	0	0
orf19.5426	1	0	0	0
orf19.5432	1	0	0	0
orf19.5436	1	0	0	0
orf19.5437	1	0	0	0
orf19.544	1	0	0	0
orf19.5440	1	0	0	0
orf19.5444	1	0	0	0
orf19.5447	1	0	0	0
orf19.5455	1	0	0	0
orf19.5459	1	0	0	0
orf19.5463	1	0	0	0
orf19.5465	1	0	0	0
orf19.548	1	0	1	1
orf19.5480	1	0	0	0
orf19.5484	1	0	0	0
orf19.5486	1	0	0	0
orf19.5487	1	0	0	0
orf19.5492	1	0	0	0
orf19.5493	1	0	0	0
orf19.5495	1	0	1	0
orf19.5496	1	0	0	0
orf19.5498	1	1	1	0
orf19.5499	1	0	0	1
orf19.5505	1	0	0	0
orf19.5507	1	0	0	0
orf19.551	1	0	0	0
orf19.5513	1	0	0	0
orf19.5516	1	0	0	0
orf19.5517	1	0	0	0
orf19.5521	1	0	0	0
orf19.5526	1	0	0	0
orf19.5528	1	0	0	0
orf19.553	1	0	0	0
orf19.5530	1	0	0	0
orf19.5531	1	0	0	0
orf19.5532	1	0	0	0
orf19.5534	1	0	0	0
orf19.5535	1	0	0	0
orf19.5550	1	0	0	0
orf19.5551	1	0	0	0
orf19.5553	1	0	0	0
orf19.5567	1	0	0	0
orf19.5577	1	0	0	0
orf19.5592	1	0	0	0
orf19.5595	1	0	0	0
orf19.5597	1	0	0	0
orf19.56	1	0	0	0
orf19.5601	1	0	0	0
orf19.5604	1	0	0	0
orf19.5605	1	0	0	0
orf19.5608	1	0	0	0
orf19.5610	1	0	0	0
orf19.5611	1	0	0	0
orf19.5615	1	0	0	0
orf19.5623	1	0	0	0
orf19.5627	1	0	0	0
orf19.5628	1	0	0	0
orf19.5629	1	0	0	0
orf19.5630	1	0	0	0
orf19.5634	1	0	0	1
orf19.5639	1	0	0	0
orf19.5640	1	0	0	0
orf19.5641	1	0	0	0
orf19.5645	1	0	0	0
orf19.5646	1	0	0	0
orf19.5647	1	0	0	1
orf19.5650	1	0	0	0
orf19.5655	1	0	0	1
orf19.5656	1	0	0	0
orf19.5657	1	0	0	0
orf19.5658	1	0	0	0
orf19.5661	1	0	0	1
orf19.5662	1	0	0	1
orf19.5663	1	0	0	0
orf19.5664	1	0	1	0
orf19.5665	1	0	0	0
orf19.5667	1	0	0	0
orf19.567	1	0	0	0
orf19.5671	1	0	0	0
orf19.5672	1	0	0	0
orf19.5673	1	0	0	1
orf19.5676	1	0	0	0
orf19.5677	1	0	0	0
orf19.568	1	0	0	0
orf19.5680	1	0	0	0
orf19.5682	1	0	0	0
orf19.5685	1	0	0	0
orf19.5691	1	0	0	0
orf19.5692	1	0	0	0
orf19.5693	1	0	0	0
orf19.57	1	0	0	0
orf19.5702	1	0	0	0
orf19.5713	1	0	0	0
orf19.5720	1	0	0	0
orf19.5722	1	0	1	0
orf19.5727	1	0	0	0
orf19.5728	1	0	0	1
orf19.5729	1	1	1	1
orf19.5730	1	0	0	0
orf19.5732	1	0	0	0
orf19.5735	1	0	0	0
orf19.5746	1	0	0	0
orf19.5747	1	0	0	0
orf19.5749	1	0	0	0
orf19.5752	1	0	0	0
orf19.5755	1	0	0	0
orf19.5757	1	0	0	0
orf19.5759	1	0	1	1
orf19.5760	1	0	0	1
orf19.5765	1	0	0	0
orf19.577	1	0	0	0
orf19.5772	1	0	0	0
orf19.5777	1	0	0	0
orf19.5779	1	0	0	0
orf19.578	1	0	0	0
orf19.5780	1	0	0	0
orf19.5782	1	0	0	1
orf19.5784	1	0	0	0
orf19.5789	1	0	0	0
orf19.579	1	0	0	0
orf19.5793	1	0	0	0
orf19.5796	1	0	0	0
orf19.58	1	0	0	0
orf19.5801	1	0	0	0
orf19.5808	1	0	0	0
orf19.581	1	0	0	0
orf19.5812	1	0	0	0
orf19.5815	1	0	0	0
orf19.5816	1	0	0	0
orf19.5817	1	0	0	0
orf19.5818	1	0	0	0
orf19.5825	1	0	0	0
orf19.5826	1	0	0	0
orf19.5827	1	0	0	0
orf19.583	1	0	0	0
orf19.5832	1	0	0	0
orf19.5833	1	0	0	0
orf19.5835	1	0	0	0
orf19.5837	1	0	0	0
orf19.5838	1	0	0	0
orf19.5839	1	0	0	0
orf19.5846	1	0	0	0
orf19.5847	1	0	0	0
orf19.5849	1	1	1	0
orf19.585	1	0	0	0
orf19.5850	1	0	0	0
orf19.5858	1	0	0	0
orf19.5859	1	0	0	0
orf19.586	1	0	0	0
orf19.5861	1	0	0	0
orf19.5862	1	0	0	0
orf19.5865	1	0	0	0
orf19.5869	1	0	0	0
orf19.5873	1	0	0	0
orf19.5884	1	0	0	0
orf19.5885	1	0	0	0
orf19.5887	1	0	1	0
orf19.5894	1	0	0	0
orf19.5895	1	0	0	0
orf19.59	1	0	1	0
orf19.5901	1	0	1	0
orf19.5903	1	0	0	1
orf19.5906	1	0	0	0
orf19.5912	1	0	0	0
orf19.5915	1	0	0	1
orf19.5917	1	1	1	0
orf19.5919	1	0	0	0
orf19.592	1	0	0	0
orf19.5921	1	0	0	0
orf19.5924	1	1	1	0
orf19.5925	1	0	0	0
orf19.5926	1	0	0	0
orf19.5932	1	0	0	0
orf19.5934	1	0	0	0
orf19.5947	1	0	0	0
orf19.5949	1	0	0	0
orf19.5953	1	0	1	0
orf19.5959	1	0	0	0
orf19.596	1	0	0	0
orf19.5963	1	0	0	0
orf19.5964	1	0	0	0
orf19.5966	1	0	0	0
orf19.5970	1	0	0	0
orf19.5971	1	0	0	0
orf19.5978	1	0	0	0
orf19.5986	1	0	0	0
orf19.5991	1	0	0	0
orf19.5994	1	0	0	1
orf19.600	1	0	0	0
orf19.6000	1	0	1	0
orf19.6007	1	0	0	0
orf19.6010	1	0	0	0
orf19.6011	1	0	1	1
orf19.6012	1	0	0	0
orf19.6014	1	0	0	0
orf19.6020	1	0	0	0
orf19.6025	1	0	0	0
orf19.6026	1	0	0	0
orf19.6029	1	0	0	0
orf19.603	1	0	0	0
orf19.6034	1	0	0	0
orf19.6035	1	0	0	1
orf19.6039	1	0	0	0
orf19.604	1	0	0	0
orf19.6041	1	0	0	0
orf19.6043	1	0	0	0
orf19.6044	1	0	0	0
orf19.6045	1	0	0	0
orf19.6046	1	0	0	0
orf19.6052	1	0	0	0
orf19.6055	1	0	0	0
orf19.6057	1	0	0	0
orf19.6058	1	0	0	0
orf19.6059	1	0	0	0
orf19.606	1	0	0	0
orf19.6060	1	0	0	0
orf19.6061	1	0	0	0
orf19.6063	1	0	0	0
orf19.6068	1	0	0	0
orf19.607	1	0	0	0
orf19.6070	1	0	0	0
orf19.6071	1	0	0	0
orf19.6074	1	0	0	0
orf19.6075	1	0	0	0
orf19.6081	1	0	0	0
orf19.6082	1	0	0	0
orf19.6086	1	0	0	0
orf19.6091	1	0	0	0
orf19.6094	1	0	0	0
orf19.6096	1	0	0	0
orf19.6099	1	0	0	0
orf19.6105	1	0	0	0
orf19.612	1	0	0	0
orf19.6127	1	0	0	0
orf19.6131	1	0	0	0
orf19.6133	1	0	0	0
orf19.6135	1	0	0	0
orf19.6138	1	0	0	0
orf19.6143	1	0	0	1
orf19.6151	1	0	0	0
orf19.6152	1	0	0	0
orf19.6155	1	0	0	0
orf19.6163	1	0	0	0
orf19.6165	1	0	0	0
orf19.6166	1	0	0	0
orf19.6167	1	0	0	0
orf19.6168	1	0	0	0
orf19.6169	1	0	0	0
orf19.6171	1	0	0	0
orf19.6175	1	0	0	0
orf19.6176	1	0	0	0
orf19.6178	1	0	0	0
orf19.6185	1	0	1	0
orf19.6190	1	0	0	1
orf19.6193	1	0	0	0
orf19.6195	1	0	0	0
orf19.6199	1	0	0	0
orf19.6200	1	0	0	0
orf19.6202	1	0	0	1
orf19.6213	1	0	0	0
orf19.6214	1	0	1	0
orf19.6217	1	0	0	0
orf19.6224	1	0	0	0
orf19.6225	1	0	0	0
orf19.6230	1	0	0	0
orf19.6233	1	0	0	0
orf19.6234	1	0	0	0
orf19.6237	1	0	0	0
orf19.6239	1	0	0	1
orf19.6252	1	0	0	0
orf19.6259	1	0	0	0
orf19.6263	1	0	0	0
orf19.6271	1	0	0	0
orf19.6284	1	0	0	0
orf19.6287	1	0	0	0
orf19.6294	1	0	0	0
orf19.6297	1	0	0	0
orf19.6305	1	0	0	0
orf19.6306	1	0	0	0
orf19.6312	1	0	0	0
orf19.6314	1	0	0	0
orf19.6316	1	0	0	0
orf19.6322	1	0	0	0
orf19.6323	1	0	0	0
orf19.6324	1	0	0	1
orf19.6327	1	0	0	1
orf19.6328	1	0	0	0
orf19.633	1	0	0	0
orf19.6340	1	0	0	0
orf19.6341	1	0	0	0
orf19.6344	1	0	1	0
orf19.6345	1	0	0	0
orf19.6346	1	0	0	0
orf19.6348	1	0	0	1
orf19.635	1	0	0	0
orf19.6355	1	0	0	0
orf19.6356	1	0	0	0
orf19.6358	1	0	1	1
orf19.6364	1	0	0	0
orf19.6369	1	0	1	0
orf19.6373	1	0	0	0
orf19.6375	1	0	0	0
orf19.6382	1	0	0	0
orf19.6385	1	0	0	0
orf19.639	1	0	0	0
orf19.6398	1	0	0	0
orf19.640	1	0	0	0
orf19.6407	1	0	1	0
orf19.641	1	0	0	1
orf19.6417	1	0	0	1
orf19.642	1	0	0	0
orf19.6422	1	0	0	0
orf19.6424	1	0	0	0
orf19.6425	1	0	0	0
orf19.6432	1	0	0	0
orf19.6437	1	0	0	0
orf19.6438	1	0	0	0
orf19.644	1	0	0	0
orf19.6444	1	0	0	0
orf19.6449	1	0	0	1
orf19.645	1	0	0	0
orf19.6455	1	0	0	0
orf19.6459	1	0	0	0
orf19.6460	1	0	0	0
orf19.6463	1	0	0	0
orf19.6464	1	0	0	0
orf19.6477	1	0	0	0
orf19.6479	1	0	0	0
orf19.6489	1	0	0	0
orf19.6498	1	0	0	0
orf19.6502	1	0	0	1
orf19.6508	1	0	0	0
orf19.651	1	0	0	0
orf19.6511	1	0	0	0
orf19.6512	1	0	0	0
orf19.6515	1	0	0	0
orf19.652	1	0	0	0
orf19.6522	1	0	0	0
orf19.6524	1	0	0	0
orf19.6529	1	0	0	0
orf19.6531	1	0	0	0
orf19.6533	1	0	0	0
orf19.6536	1	0	0	0
orf19.6537	1	0	0	0
orf19.6538	1	0	0	0
orf19.6539	1	0	0	0
orf19.6541	1	0	0	0
orf19.6544	1	0	0	0
orf19.6551	1	0	0	0
orf19.6558	1	0	0	0
orf19.6559	1	0	0	0
orf19.656	1	0	0	0
orf19.6561	1	0	0	0
orf19.6562	1	0	0	0
orf19.6568	1	0	0	0
orf19.6569	1	0	0	0
orf19.6570	1	0	0	0
orf19.6577	1	0	0	0
orf19.6578	1	0	0	1
orf19.658	1	0	1	0
orf19.6584	1	0	0	0
orf19.6586	1	0	0	0
orf19.6592	1	0	0	1
orf19.6595	1	0	0	0
orf19.6596	1	0	0	0
orf19.6598	1	0	0	0
orf19.6602	1	0	0	0
orf19.6606	1	0	0	1
orf19.661	1	0	0	0
orf19.6610	1	0	0	0
orf19.6640	1	0	1	0
orf19.6642	1	0	0	0
orf19.6643	1	0	0	0
orf19.6648	1	0	0	0
orf19.6649	1	0	0	0
orf19.665	1	0	0	0
orf19.6652	1	0	0	0
orf19.6653	1	0	0	1
orf19.6659	1	0	0	0
orf19.6660	1	0	0	1
orf19.667	1	0	0	0
orf19.668	1	0	1	0
orf19.6680	1	1	0	1
orf19.6681	1	0	0	1
orf19.6685	1	0	0	0
orf19.669	1	0	0	1
orf19.6696	1	0	0	0
orf19.6699	1	0	0	0
orf19.670	1	0	0	0
orf19.6701	1	0	0	0
orf19.6702	1	0	0	0
orf19.6705	1	0	0	0
orf19.6707	1	0	0	0
orf19.671	1	0	0	0
orf19.6716	1	0	0	1
orf19.6717	1	0	0	0
orf19.6719	1	0	0	0
orf19.672	1	0	0	0
orf19.6727	1	0	0	0
orf19.673	1	0	0	0
orf19.6730	1	0	0	0
orf19.6736	1	0	0	1
orf19.6738	1	0	0	1
orf19.674	1	0	0	0
orf19.6740	1	0	0	0
orf19.6742	1	0	0	0
orf19.6744	1	0	0	0
orf19.6747	1	0	0	0
orf19.6749	1	0	0	0
orf19.6756	1	0	0	0
orf19.6766	1	0	0	0
orf19.677	1	0	0	0
orf19.6772	1	0	0	1
orf19.6776	1	0	0	0
orf19.6783	1	0	0	0
orf19.6794	1	0	0	0
orf19.680	1	0	0	0
orf19.6801	1	0	0	0
orf19.6804	1	0	0	0
orf19.6809	1	0	0	0
orf19.681	1	1	1	0
orf19.6818	1	0	0	0
orf19.6820	1	0	0	0
orf19.6821	1	0	0	0
orf19.6828	1	0	0	0
orf19.6830	1	0	0	0
orf19.6832	1	0	0	0
orf19.684	1	0	0	0
orf19.6844	1	0	0	0
orf19.6847	1	0	0	0
orf19.6848	1	0	1	0
orf19.685	1	0	1	0
orf19.6851	1	0	0	0
orf19.6858	1	0	0	0
orf19.6860	1	0	0	0
orf19.6861	1	0	0	0
orf19.6862	1	0	0	0
orf19.6863	1	0	0	0
orf19.6868	1	0	0	0
orf19.6869	1	0	0	0
orf19.6875	1	0	0	0
orf19.6877	1	0	0	0
orf19.6879	1	0	0	0
orf19.688	1	0	0	0
orf19.6880	1	0	0	0
orf19.6881	1	0	0	0
orf19.6882	1	0	0	0
orf19.6884	1	0	0	0
orf19.6885	1	0	0	0
orf19.6886	1	0	0	0
orf19.6889	1	0	1	0
orf19.689	1	0	0	0
orf19.6891	1	0	0	0
orf19.6898	1	0	0	0
orf19.6899	1	0	0	1
orf19.690	1	0	1	0
orf19.6900	1	0	0	0
orf19.6901	1	0	0	0
orf19.6903	1	0	0	0
orf19.6904	1	0	1	0
orf19.6905	1	0	0	0
orf19.6908	1	0	0	0
orf19.6909	1	0	0	0
orf19.691	1	0	0	1
orf19.6910	1	0	0	0
orf19.6912	1	0	0	0
orf19.6913	1	0	1	0
orf19.6915	1	0	0	0
orf19.6916	1	0	0	0
orf19.6917	1	0	0	0
orf19.6923	1	0	0	0
orf19.6925	1	0	0	0
orf19.6926	1	0	0	0
orf19.6928	1	0	0	1
orf19.6931	1	0	0	0
orf19.6933	1	0	0	0
orf19.6936	1	0	0	0
orf19.6942	1	0	0	0
orf19.6952	1	0	1	0
orf19.6955	1	0	0	0
orf19.6956	1	0	0	0
orf19.696	1	0	0	1
orf19.6977	1	0	0	0
orf19.698	1	0	0	1
orf19.6981	1	0	0	0
orf19.6984	1	0	0	0
orf19.6986	1	0	0	0
orf19.6988	1	0	0	0
orf19.6990	1	0	0	1
orf19.6992	1	0	0	0
orf19.6993	1	0	0	0
orf19.6994	1	0	0	0
orf19.6995	1	0	0	0
orf19.700	1	0	0	0
orf19.7002	1	0	0	0
orf19.701	1	0	0	1
orf19.7010	1	0	0	0
orf19.7011	1	0	0	0
orf19.7016	1	0	1	0
orf19.7017	1	1	1	1
orf19.7019	1	0	0	0
orf19.7029	1	0	0	0
orf19.703	1	0	0	0
orf19.7033	1	0	0	1
orf19.7035	1	0	0	0
orf19.7037	1	0	0	0
orf19.7038	1	0	0	0
orf19.7041	1	0	0	0
orf19.7050	1	0	0	0
orf19.7056	1	0	0	0
orf19.7057	1	0	0	0
orf19.706	1	0	0	0
orf19.7061	1	0	0	0
orf19.7062	1	0	0	0
orf19.7064	1	0	0	0
orf19.7069	1	0	0	0
orf19.7071	1	0	0	1
orf19.7072	1	0	0	1
orf19.7073	1	0	0	0
orf19.7074	1	0	0	0
orf19.7077	1	0	0	0
orf19.708	1	0	0	0
orf19.7081	1	0	0	1
orf19.7083	1	0	0	0
orf19.7088	1	0	0	0
orf19.709	1	0	0	0
orf19.7091	1	0	0	0
orf19.7092	1	0	0	0
orf19.7095	1	0	0	0
orf19.7096	1	0	0	1
orf19.7098	1	0	1	1
orf19.7101	1	0	0	0
orf19.7105	1	0	0	1
orf19.7107	1	0	0	0
orf19.7111	1	0	0	0
orf19.7112	1	0	0	1
orf19.7115	1	0	0	1
orf19.7119	1	0	0	0
orf19.7124	1	0	0	0
orf19.7128	1	0	0	0
orf19.713	1	0	0	0
orf19.7136	1	0	0	0
orf19.7140	1	0	0	0
orf19.7141	1	0	0	0
orf19.7150	1	1	0	1
orf19.7152	1	0	0	0
orf19.7154	1	0	0	0
orf19.7156	1	0	0	0
orf19.7158	1	0	0	0
orf19.7161	1	0	0	0
orf19.717	1	0	0	0
orf19.7176	1	0	0	0
orf19.7178	1	0	0	0
orf19.718	1	0	0	0
orf19.7184	1	0	0	0
orf19.7188	1	0	0	0
orf19.719	1	0	1	0
orf19.7197	1	0	0	0
orf19.720	1	0	0	0
orf19.721	1	0	0	0
orf19.7213	1	0	0	0
orf19.7215	1	0	0	0
orf19.7218	1	0	1	1
orf19.7219	1	0	0	0
orf19.7222	1	0	0	0
orf19.7227	1	0	0	0
orf19.723	1	1	1	1
orf19.7231	1	0	0	0
orf19.7232	1	0	0	0
orf19.7234	1	0	0	0
orf19.7236	1	0	0	0
orf19.7237	1	0	0	0
orf19.7238	1	0	0	0
orf19.7243	1	0	0	0
orf19.7245	1	0	0	0
orf19.7247	1	1	1	1
orf19.7255	1	0	0	0
orf19.7256	1	0	0	0
orf19.7257	1	0	0	0
orf19.7261	1	0	0	0
orf19.7264	1	0	0	0
orf19.7265	1	0	0	0
orf19.7269	1	0	0	0
orf19.728	1	0	0	1
orf19.7281	1	0	1	1
orf19.7285	1	0	0	0
orf19.7286	1	0	0	0
orf19.7291	1	0	1	0
orf19.7293	1	0	0	0
orf19.7296	1	0	0	0
orf19.7298	1	0	0	0
orf19.7306	1	0	0	0
orf19.7307	1	0	0	0
orf19.7308	1	0	0	0
orf19.7310	1	0	0	1
orf19.7312	1	0	0	0
orf19.7313	1	0	0	1
orf19.7314	1	0	0	1
orf19.7319	1	1	1	0
orf19.732	1	0	0	0
orf19.7320	1	0	0	1
orf19.7322	1	0	0	0
orf19.7324	1	0	1	0
orf19.7327	1	0	0	0
orf19.733	1	0	0	0
orf19.7330	1	0	0	1
orf19.7331	1	0	0	0
orf19.7332	1	0	0	0
orf19.7335	1	0	0	0
orf19.7336	1	0	0	0
orf19.7337	1	0	0	0
orf19.7339	1	0	1	0
orf19.734	1	0	0	0
orf19.7343	1	0	0	0
orf19.7355	1	0	1	0
orf19.7358	1	0	0	0
orf19.7359	1	1	1	1
orf19.7361	1	0	0	0
orf19.7363	1	0	1	0
orf19.7364	1	0	0	0
orf19.7367	1	0	0	0
orf19.7369	1	0	0	0
orf19.7370	1	0	0	1
orf19.7377	1	0	0	0
orf19.7382	1	0	0	0
orf19.7383	1	0	1	0
orf19.7384	1	0	0	0
orf19.7385	1	0	1	0
orf19.7386	1	0	0	0
orf19.7388	1	0	1	1
orf19.7390	1	0	0	0
orf19.7391	1	0	0	1
orf19.7392	1	0	0	0
orf19.7396	1	0	0	0
orf19.7397	1	0	1	1
orf19.7403	1	0	0	0
orf19.7404	1	0	0	0
orf19.7412	1	0	1	0
orf19.7413	1	0	0	0
orf19.742	1	0	0	0
orf19.7427	1	0	0	0
orf19.7428	1	0	0	0
orf19.7433	1	0	0	0
orf19.7437	1	0	0	0
orf19.7438	1	0	0	0
orf19.744	1	0	0	0
orf19.7440	1	0	0	0
orf19.7441	1	0	0	0
orf19.7444	1	0	0	0
orf19.7447	1	0	1	0
orf19.7448	1	0	0	0
orf19.7449	1	0	0	0
orf19.7454	1	0	0	0
orf19.7459	1	0	0	0
orf19.7460	1	0	0	0
orf19.7463	1	0	0	0
orf19.7464	1	0	0	0
orf19.747	1	0	0	0
orf19.7475	1	0	0	1
orf19.7477	1	0	0	0
orf19.7478	1	0	0	0
orf19.7479	1	0	1	0
orf19.7483	1	0	0	0
orf19.7484	1	0	0	0
orf19.7486	1	0	0	0
orf19.7488	1	0	0	0
orf19.7490	1	0	0	0
orf19.7492	1	0	0	0
orf19.7495	1	0	0	0
orf19.7503	1	0	1	1
orf19.7511	1	0	0	0
orf19.7512	1	0	0	0
orf19.7513	1	0	0	0
orf19.7514	1	0	0	0
orf19.7516	1	0	0	1
orf19.7517	1	0	1	0
orf19.7518	1	1	1	0
orf19.752	1	0	0	0
orf19.7520	1	0	0	0
orf19.7522	1	0	0	0
orf19.7523	1	0	1	1
orf19.7529	1	0	0	0
orf19.754	1	0	0	0
orf19.7548	1	0	0	0
orf19.7551	1	0	0	0
orf19.7552	1	0	0	0
orf19.756	1	0	0	1
orf19.7561	1	0	0	0
orf19.7563	1	0	0	0
orf19.7565	1	0	0	0
orf19.7566	1	0	0	0
orf19.7567	1	0	0	0
orf19.7568	1	0	0	0
orf19.7569	1	0	0	0
orf19.757	1	0	1	1
orf19.7572	1	0	1	0
orf19.7577	1	0	0	0
orf19.758	1	0	0	0
orf19.7581	1	0	0	0
orf19.7585	1	0	1	0
orf19.759	1	0	0	0
orf19.7590	1	0	0	1
orf19.7594	1	0	0	0
orf19.7596	1	0	0	0
orf19.7597	1	0	0	0
orf19.7598	1	0	0	0
orf19.7599	1	0	0	0
orf19.76	1	0	0	1
orf19.7604	1	0	0	0
orf19.7605	1	0	0	0
orf19.7611	1	0	0	0
orf19.7615	1	0	0	0
orf19.7618	1	0	0	0
orf19.7619	1	0	0	0
orf19.7620	1	0	0	0
orf19.7624	1	0	0	0
orf19.7626	1	0	0	0
orf19.7629	1	0	0	0
orf19.763	1	0	0	0
orf19.7631	1	0	0	0
orf19.7634	1	0	0	0
orf19.7635	1	0	0	0
orf19.7637	1	0	0	0
orf19.7638	1	0	0	0
orf19.764	1	0	0	1
orf19.7644	1	0	0	0
orf19.7645	1	0	0	1
orf19.7650	1	0	0	0
orf19.7655	1	0	0	0
orf19.7657	1	0	0	0
orf19.7658	1	0	0	0
orf19.7661	1	0	0	0
orf19.7666	1	0	0	0
orf19.7668	1	0	0	1
orf19.767	1	0	0	0
orf19.7673	1	0	0	0
orf19.7678	1	0	0	0
orf19.769	1	0	1	0
orf19.778	1	0	0	0
orf19.781	1	0	0	0
orf19.782	1	0	0	1
orf19.785	1	0	0	0
orf19.789	1	0	0	0
orf19.793	1	0	0	0
orf19.795	1	0	0	0
orf19.796	1	0	0	0
orf19.799	1	0	0	0
orf19.801	1	0	0	0
orf19.804	1	0	0	0
orf19.805	1	0	0	0
orf19.807	1	0	1	1
orf19.809	1	0	0	0
orf19.811	1	0	1	0
orf19.814	1	0	1	0
orf19.819	1	0	0	0
orf19.825	1	0	0	0
orf19.829	1	0	1	0
orf19.831	1	0	0	0
orf19.832	1	0	0	0
orf19.835	1	0	1	0
orf19.837	1	1	0	0
orf19.841	1	0	0	0
orf19.843	1	0	0	1
orf19.847	1	0	0	0
orf19.850	1	0	0	0
orf19.851	1	0	0	0
orf19.857	1	0	0	0
orf19.863	1	0	0	0
orf19.864	1	0	0	0
orf19.866	1	0	0	0
orf19.873	1	0	0	0
orf19.878	1	0	1	0
orf19.88	1	0	0	0
orf19.886	1	0	0	0
orf19.889	1	0	1	0
orf19.895	1	0	1	1
orf19.896	1	0	1	1
orf19.897	1	0	0	0
orf19.898	1	0	0	0
orf19.900	1	0	0	0
orf19.903	1	0	0	0
orf19.906	1	0	0	0
orf19.908	1	0	0	0
orf19.910	1	0	0	0
orf19.916	1	0	0	0
orf19.922	1	0	0	0
orf19.923	1	0	1	0
orf19.927	1	0	0	0
orf19.930	1	0	0	0
orf19.936	1	0	0	1
orf19.941	1	0	0	0
orf19.942	1	0	0	1
orf19.943	1	0	0	0
orf19.944	1	0	0	0
orf19.947	1	0	0	0
orf19.955	1	0	0	0
orf19.956	1	0	0	0
orf19.964	1	0	0	0
orf19.968	1	0	0	0
orf19.969	1	0	0	0
orf19.97	1	0	0	0
orf19.972	1	0	0	0
orf19.978	1	0	0	0
orf19.979	1	0	0	0
orf19.983	1	0	0	0
orf19.984	1	0	0	0
orf19.986	1	0	0	0
orf19.988	1	0	0	0
orf19.989	1	0	0	0
orf19.99	1	0	0	0
orf19.991	1	0	0	0
orf6.2225	1	0	0	0
orf6.2938	1	0	0	0
orf19.1032	0	1	1	0
orf19.1035	0	1	1	0
orf19.1150	0	1	0	0
orf19.1168	0	1	0	0
orf19.1187	0	1	1	1
orf19.1227	0	1	0	0
orf19.1228	0	1	0	0
orf19.1253	0	1	1	0
orf19.1255	0	1	1	0
orf19.1274	0	1	0	0
orf19.1496	0	1	1	0
orf19.1497	0	1	1	1
orf19.1499	0	1	1	0
orf19.1543	0	1	1	0
orf19.1577	0	1	1	0
orf19.1623	0	1	0	0
orf19.1685	0	1	1	0
orf19.1718	0	1	1	0
orf19.173	0	1	1	1
orf19.1757	0	1	0	0
orf19.1926	0	1	0	0
orf19.1973	0	1	1	0
orf19.2054	0	1	1	0
orf19.2088	0	1	0	0
orf19.2119	0	1	0	0
orf19.217	0	1	1	1
orf19.2315	0	1	1	0
orf19.2356	0	1	1	0
orf19.2476	0	1	1	0
orf19.255	0	1	1	1
orf19.2612	0	1	1	1
orf19.2646	0	1	0	0
orf19.2647	0	1	1	0
orf19.2730	0	1	0	0
orf19.2743	0	1	0	0
orf19.2745	0	1	1	0
orf19.2748	0	1	1	0
orf19.2808	0	1	1	0
orf19.3063	0	1	0	0
orf19.3127	0	1	1	0
orf19.3182	0	1	0	1
orf19.3187	0	1	1	1
orf19.3188	0	1	1	0
orf19.3190	0	1	1	0
orf19.3193	0	1	1	0
orf19.3252	0	1	1	0
orf19.3305	0	1	1	0
orf19.3625	0	1	0	0
orf19.3753	0	1	1	1
orf19.3794	0	1	0	1
orf19.3809	0	1	1	0
orf19.3865	0	1	0	0
orf19.3876	0	1	1	0
orf19.391	0	1	1	0
orf19.3928	0	1	0	1
orf19.3969	0	1	1	0
orf19.4056	0	1	0	1
orf19.4145	0	1	1	0
orf19.4166	0	1	1	0
orf19.4225	0	1	1	0
orf19.4251	0	1	0	0
orf19.431	0	1	1	1
orf19.4438	0	1	0	0
orf19.4450	0	1	1	0
orf19.454	0	1	0	0
orf19.4568	0	1	1	0
orf19.4647	0	1	0	0
orf19.4649	0	1	1	1
orf19.4662	0	1	1	0
orf19.4670	0	1	0	1
orf19.4752	0	1	0	0
orf19.4767	0	1	1	0
orf19.4776	0	1	1	0
orf19.4853	0	1	0	0
orf19.4869	0	1	1	1
orf19.4972	0	1	1	1
orf19.4998	0	1	0	0
orf19.5001	0	1	1	1
orf19.5097	0	1	0	0
orf19.5133	0	1	1	0
orf19.5249	0	1	0	0
orf19.5251	0	1	1	1
orf19.5338	0	1	1	1
orf19.5343	0	1	0	0
orf19.5380	0	1	0	0
orf19.5548	0	1	1	0
orf19.5558	0	1	0	0
orf19.5651	0	1	1	1
orf19.5855	0	1	0	1
orf19.5908	0	1	1	0
orf19.5910	0	1	0	0
orf19.5940	0	1	1	1
orf19.5975	0	1	1	1
orf19.5992	0	1	0	1
orf19.6038	0	1	1	1
orf19.610	0	1	1	0
orf19.6102	0	1	1	0
orf19.6109	0	1	1	0
orf19.6121	0	1	1	0
orf19.6124	0	1	1	1
orf19.6182	0	1	1	1
orf19.6514	0	1	0	1
orf19.6781	0	1	1	0
orf19.6798	0	1	0	0
orf19.6817	0	1	1	1
orf19.6824	0	1	1	0
orf19.6874	0	1	0	1
orf19.6888	0	1	0	0
orf19.6985	0	1	1	1
orf19.7068	0	1	0	0
orf19.7317	0	1	1	0
orf19.7371	0	1	1	0
orf19.7372	0	1	1	0
orf19.7374	0	1	1	1
orf19.7381	0	1	1	1
orf19.7401	0	1	1	0
orf19.7436	0	1	0	1
orf19.7570	0	1	0	0
orf19.7583	0	1	1	0
orf19.909	0	1	1	0
orf19.921	0	1	0	0
orf19.971	0	1	1	0
19.769	0	0	1	0
orf19.10012	0	0	1	0
orf19.1005	0	0	1	0
orf19.1007	0	0	1	0
orf19.10169	0	0	1	0
orf19.10240	0	0	1	0
orf19.10244	0	0	1	0
orf19.10248	0	0	1	0
orf19.10254	0	0	1	0
orf19.10261	0	0	1	0
orf19.10266	0	0	1	0
orf19.10326	0	0	1	0
orf19.10359	0	0	1	0
orf19.10487	0	0	1	0
orf19.10489	0	0	1	0
orf19.10530	0	0	1	0
orf19.10553	0	0	1	0
orf19.10701	0	0	1	0
orf19.10742	0	0	1	0
orf19.10841	0	0	1	1
orf19.10882	0	0	1	0
orf19.10938	0	0	1	0
orf19.10949	0	0	1	0
orf19.10953	0	0	1	0
orf19.10995	0	0	1	0
orf19.10999	0	0	1	0
orf19.11156	0	0	1	0
orf19.11346	0	0	1	0
orf19.1135	0	0	1	0
orf19.11357	0	0	1	0
orf19.1141	0	0	1	0
orf19.11450	0	0	1	0
orf19.11484	0	0	1	0
orf19.11546	0	0	1	0
orf19.11580	0	0	1	0
orf19.11598	0	0	1	0
orf19.11659	0	0	1	0
orf19.11700	0	0	1	0
orf19.1178	0	0	1	0
orf19.11834	0	0	1	0
orf19.1196	0	0	1	0
orf19.11973	0	0	1	0
orf19.12035	0	0	1	0
orf19.1217	0	0	1	0
orf19.12185	0	0	1	0
orf19.12189	0	0	1	0
orf19.1219	0	0	1	1
orf19.12198	0	0	1	0
orf19.12215	0	0	1	0
orf19.12238	0	0	1	0
orf19.12265	0	0	1	0
orf19.12276	0	0	1	0
orf19.12307	0	0	1	0
orf19.12344	0	0	1	0
orf19.12351	0	0	1	0
orf19.12458	0	0	1	0
orf19.12465	0	0	1	0
orf19.1252	0	0	1	0
orf19.12573	0	0	1	0
orf19.1259	0	0	1	0
orf19.12598	0	0	1	0
orf19.12603	0	0	1	0
orf19.12706	0	0	1	0
orf19.12732	0	0	1	0
orf19.1276	0	0	1	1
orf19.1277	0	0	1	0
orf19.12786	0	0	1	0
orf19.12794	0	0	1	0
orf19.12803	0	0	1	0
orf19.12832	0	0	1	0
orf19.12854	0	0	1	0
orf19.12893	0	0	1	0
orf19.12900	0	0	1	0
orf19.12953	0	0	1	0
orf19.1298	0	0	1	0
orf19.12983	0	0	1	0
orf19.12998	0	0	1	0
orf19.130	0	0	1	0
orf19.13003	0	0	1	0
orf19.13026	0	0	1	0
orf19.13080	0	0	1	0
orf19.13103	0	0	1	0
orf19.13111	0	0	1	0
orf19.1314	0	0	1	1
orf19.13156	0	0	1	0
orf19.1321	0	0	1	0
orf19.1327	0	0	1	0
orf19.13277	0	0	1	0
orf19.1331	0	0	1	0
orf19.13331	0	0	1	0
orf19.13396	0	0	1	0
orf19.13459	0	0	1	0
orf19.13461	0	0	1	0
orf19.13474	0	0	1	0
orf19.13494	0	0	1	0
orf19.1358	0	0	1	0
orf19.13584	0	0	1	0
orf19.13607	0	0	1	0
orf19.13655	0	0	1	0
orf19.13704	0	0	1	0
orf19.13772	0	0	1	0
orf19.138	0	0	1	1
orf19.13923	0	0	1	0
orf19.13950	0	0	1	0
orf19.14004	0	0	1	0
orf19.14005	0	0	1	0
orf19.1401	0	0	1	0
orf19.14046	0	0	1	0
orf19.14065	0	0	1	0
orf19.1409	0	0	1	0
orf19.14093	0	0	1	0
orf19.14139	0	0	1	0
orf19.14148	0	0	1	0
orf19.14177	0	0	1	0
orf19.14178	0	0	1	0
orf19.14185	0	0	1	0
orf19.14215	0	0	1	0
orf19.1464	0	0	1	0
orf19.1476	0	0	1	0
orf19.1510	0	0	1	1
orf19.1516	0	0	1	0
orf19.1524	0	0	1	0
orf19.1563	0	0	1	0
orf19.1565	0	0	1	0
orf19.1567	0	0	1	1
orf19.1593	0	0	1	0
orf19.1628	0	0	1	0
orf19.1669	0	0	1	0
orf19.1694	0	0	1	0
orf19.1714	0	0	1	0
orf19.1729	0	0	1	0
orf19.1759	0	0	1	0
orf19.1779	0	0	1	0
orf19.1813	0	0	1	0
orf19.1825	0	0	1	0
orf19.1826	0	0	1	0
orf19.1874	0	0	1	0
orf19.1907	0	0	1	0
orf19.1930	0	0	1	0
orf19.1957	0	0	1	0
orf19.1969	0	0	1	0
orf19.1971	0	0	1	0
orf19.2012	0	0	1	0
orf19.2033	0	0	1	0
orf19.2061	0	0	1	0
orf19.2087	0	0	1	0
orf19.2097	0	0	1	0
orf19.2102	0	0	1	0
orf19.2208	0	0	1	0
orf19.2222	0	0	1	0
orf19.2225	0	0	1	0
orf19.223	0	0	1	0
orf19.2237	0	0	1	0
orf19.226	0	0	1	0
orf19.2268	0	0	1	0
orf19.2270	0	0	1	0
orf19.2277	0	0	1	0
orf19.228	0	0	1	0
orf19.2296	0	0	1	0
orf19.2331	0	0	1	0
orf19.2332	0	0	1	0
orf19.2336	0	0	1	0
orf19.2348	0	0	1	0
orf19.2392	0	0	1	0
orf19.2393	0	0	1	0
orf19.2395	0	0	1	0
orf19.2399	0	0	1	0
orf19.242	0	0	1	1
orf19.248	0	0	1	0
orf19.2508	0	0	1	0
orf19.251	0	0	1	0
orf19.2540	0	0	1	0
orf19.259	0	0	1	0
orf19.2605	0	0	1	1
orf19.2613	0	0	1	1
orf19.2623	0	0	1	0
orf19.2674	0	0	1	0
orf19.271	0	0	1	0
orf19.2723	0	0	1	0
orf19.2752	0	0	1	1
orf19.2763	0	0	1	0
orf19.2765	0	0	1	0
orf19.2823	0	0	1	0
orf19.2901	0	0	1	0
orf19.2910	0	0	1	0
orf19.2938	0	0	1	0
orf19.2963	0	0	1	0
orf19.3009	0	0	1	0
orf19.3014	0	0	1	0
orf19.3018	0	0	1	0
orf19.3088	0	0	1	0
orf19.3125	0	0	1	0
orf19.3171	0	0	1	0
orf19.3202	0	0	1	0
orf19.3254	0	0	1	0
orf19.3281	0	0	1	0
orf19.3294	0	0	1	0
orf19.33	0	0	1	0
orf19.3380	0	0	1	1
orf19.3396	0	0	1	1
orf19.3405	0	0	1	0
orf19.35	0	0	1	0
orf19.3530	0	0	1	0
orf19.3563	0	0	1	0
orf19.3678	0	0	1	0
orf19.3683	0	0	1	0
orf19.3701	0	0	1	0
orf19.3707	0	0	1	1
orf19.3744	0	0	1	0
orf19.3818	0	0	1	0
orf19.3835	0	0	1	0
orf19.3839	0	0	1	1
orf19.3844	0	0	1	0
orf19.3869	0	0	1	0
orf19.3906	0	0	1	0
orf19.3997	0	0	1	0
orf19.4002	0	0	1	1
orf19.4041	0	0	1	1
orf19.4084	0	0	1	1
orf19.411	0	0	1	0
orf19.4116	0	0	1	0
orf19.4139	0	0	1	0
orf19.4144	0	0	1	0
orf19.4188	0	0	1	1
orf19.4214	0	0	1	0
orf19.422	0	0	1	0
orf19.4243	0	0	1	0
orf19.4244	0	0	1	0
orf19.4257	0	0	1	0
orf19.4269	0	0	1	0
orf19.4284	0	0	1	1
orf19.4285	0	0	1	0
orf19.4304	0	0	1	0
orf19.4369	0	0	1	0
orf19.4409	0	0	1	0
orf19.4428	0	0	1	0
orf19.4432	0	0	1	0
orf19.4433	0	0	1	0
orf19.4440	0	0	1	0
orf19.4457	0	0	1	0
orf19.4474	0	0	1	1
orf19.4477	0	0	1	0
orf19.45	0	0	1	0
orf19.451	0	0	1	0
orf19.4513	0	0	1	0
orf19.4529	0	0	1	0
orf19.4535	0	0	1	0
orf19.4540	0	0	1	0
orf19.4543	0	0	1	0
orf19.4565	0	0	1	0
orf19.460	0	0	1	1
orf19.4669	0	0	1	0
orf19.467	0	0	1	0
orf19.469	0	0	1	1
orf19.4716	0	0	1	0
orf19.4763	0	0	1	0
orf19.4765	0	0	1	1
orf19.4867	0	0	1	0
orf19.4872	0	0	1	0
orf19.4890	0	0	1	1
orf19.4893	0	0	1	0
orf19.4909	0	0	1	0
orf19.4966	0	0	1	0
orf19.4969	0	0	1	0
orf19.4975	0	0	1	1
orf19.4979	0	0	1	0
orf19.4996	0	0	1	0
orf19.5011	0	0	1	0
orf19.5068	0	0	1	1
orf19.5094	0	0	1	0
orf19.5100	0	0	1	0
orf19.5162	0	0	1	0
orf19.5175	0	0	1	0
orf19.5181	0	0	1	1
orf19.5235	0	0	1	0
orf19.530	0	0	1	0
orf19.5312	0	0	1	0
orf19.532	0	0	1	0
orf19.5325	0	0	1	0
orf19.5328	0	0	1	0
orf19.5350	0	0	1	0
orf19.5357	0	0	1	0
orf19.5365	0	0	1	0
orf19.5389	0	0	1	0
orf19.5401	0	0	1	1
orf19.5408	0	0	1	0
orf19.5412	0	0	1	0
orf19.5445	0	0	1	1
orf19.5544	0	0	1	0
orf19.5571	0	0	1	0
orf19.5632	0	0	1	0
orf19.5636	0	0	1	1
orf19.564	0	0	1	1
orf19.5660	0	0	1	0
orf19.5674	0	0	1	1
orf19.5758	0	0	1	0
orf19.5761	0	0	1	0
orf19.580	0	0	1	0
orf19.5848	0	0	1	1
orf19.5866	0	0	1	0
orf19.5867	0	0	1	0
orf19.5871	0	0	1	0
orf19.5911	0	0	1	0
orf19.5995	0	0	1	0
orf19.6032	0	0	1	0
orf19.6033	0	0	1	0
orf19.6036	0	0	1	0
orf19.6100	0	0	1	0
orf19.6194	0	0	1	0
orf19.6203	0	0	1	0
orf19.6227	0	0	1	0
orf19.6243	0	0	1	0
orf19.6261	0	0	1	0
orf19.6267	0	0	1	0
orf19.6365	0	0	1	1
orf19.637	0	0	1	0
orf19.6506	0	0	1	1
orf19.6573	0	0	1	0
orf19.6626	0	0	1	0
orf19.663	0	0	1	1
orf19.6713	0	0	1	0
orf19.6729	0	0	1	1
orf19.6737	0	0	1	0
orf19.6760	0	0	1	0
orf19.6763	0	0	1	0
orf19.6845	0	0	1	0
orf19.6850	0	0	1	0
orf19.695	0	0	1	1
orf19.6950	0	0	1	0
orf19.6970	0	0	1	0
orf19.6971	0	0	1	0
orf19.7001	0	0	1	0
orf19.702	0	0	1	0
orf19.7025	0	0	1	0
orf19.7030	0	0	1	0
orf19.7044	0	0	1	0
orf19.7114	0	0	1	1
orf19.715	0	0	1	0
orf19.716	0	0	1	1
orf19.7164	0	0	1	0
orf19.7194	0	0	1	0
orf19.7201	0	0	1	0
orf19.7207	0	0	1	0
orf19.7208	0	0	1	1
orf19.7251	0	0	1	0
orf19.7318	0	0	1	1
orf19.7329	0	0	1	1
orf19.7347	0	0	1	1
orf19.736	0	0	1	0
orf19.7389	0	0	1	0
orf19.7400	0	0	1	0
orf19.7410	0	0	1	0
orf19.7451	0	0	1	0
orf19.7472	0	0	1	1
orf19.7489	0	0	1	0
orf19.7510	0	0	1	1
orf19.7547	0	0	1	0
orf19.7576	0	0	1	0
orf19.7586	0	0	1	0
orf19.7610	0	0	1	1
orf19.7612	0	0	1	0
orf19.7614	0	0	1	0
orf19.7622	0	0	1	0
orf19.7652	0	0	1	0
orf19.768	0	0	1	0
orf19.7693	0	0	1	0
orf19.771	0	0	1	0
orf19.794	0	0	1	1
orf19.798	0	0	1	0
orf19.8085	0	0	1	0
orf19.813	0	0	1	0
orf19.8326	0	0	1	0
orf19.844	0	0	1	1
orf19.846	0	0	1	1
orf19.848	0	0	1	0
orf19.852	0	0	1	1
orf19.8550	0	0	1	0
orf19.8554	0	0	1	0
orf19.8557	0	0	1	0
orf19.856	0	0	1	0
orf19.8586	0	0	1	0
orf19.861	0	0	1	0
orf19.8634	0	0	1	0
orf19.8635	0	0	1	0
orf19.8837	0	0	1	0
orf19.8907	0	0	1	0
orf19.893	0	0	1	0
orf19.9081	0	0	1	0
orf19.9115	0	0	1	0
orf19.9191	0	0	1	0
orf19.9326	0	0	1	0
orf19.9331	0	0	1	0
orf19.9364	0	0	1	0
orf19.9508	0	0	1	0
orf19.9697	0	0	1	0
orf19.9791	0	0	1	0
orf19.998	0	0	1	1
orf19.100	0	0	0	1
orf19.10004	0	0	0	1
orf19.1002	0	0	0	1
orf19.10080	0	0	0	1
orf19.101	0	0	0	1
orf19.10341	0	0	0	1
orf19.1036	0	0	0	1
orf19.1041	0	0	0	1
orf19.1049	0	0	0	1
orf19.10507	0	0	0	1
orf19.10665	0	0	0	1
orf19.10711	0	0	0	1
orf19.1092	0	0	0	1
orf19.11256	0	0	0	1
orf19.11257	0	0	0	1
orf19.11270	0	0	0	1
orf19.113	0	0	0	1
orf19.1162	0	0	0	1
orf19.11726	0	0	0	1
orf19.1173	0	0	0	1
orf19.11882	0	0	0	1
orf19.11912	0	0	0	1
orf19.11987	0	0	0	1
orf19.12108	0	0	0	1
orf19.12247	0	0	0	1
orf19.1239	0	0	0	1
orf19.12525	0	0	0	1
orf19.12589	0	0	0	1
orf19.13064	0	0	0	1
orf19.1317	0	0	0	1
orf19.13191	0	0	0	1
orf19.1373	0	0	0	1
orf19.13757	0	0	0	1
orf19.1392	0	0	0	1
orf19.1397	0	0	0	1
orf19.1411	0	0	0	1
orf19.1443	0	0	0	1
orf19.1471	0	0	0	1
orf19.1502	0	0	0	1
orf19.1515	0	0	0	1
orf19.156	0	0	0	1
orf19.1625	0	0	0	1
orf19.1710	0	0	0	1
orf19.176	0	0	0	1
orf19.1860	0	0	0	1
orf19.191	0	0	0	1
orf19.192	0	0	0	1
orf19.194	0	0	0	1
orf19.199	0	0	0	1
orf19.206	0	0	0	1
orf19.207	0	0	0	1
orf19.209	0	0	0	1
orf19.2108	0	0	0	1
orf19.215	0	0	0	1
orf19.2156	0	0	0	1
orf19.220	0	0	0	1
orf19.2429	0	0	0	1
orf19.2492	0	0	0	1
orf19.2500	0	0	0	1
orf19.2570	0	0	0	1
orf19.2663	0	0	0	1
orf19.267	0	0	0	1
orf19.268	0	0	0	1
orf19.2686	0	0	0	1
orf19.2697	0	0	0	1
orf19.2699	0	0	0	1
orf19.2726	0	0	0	1
orf19.2777	0	0	0	1
orf19.278	0	0	0	1
orf19.2787	0	0	0	1
orf19.2797	0	0	0	1
orf19.2805	0	0	0	1
orf19.2850	0	0	0	1
orf19.2868	0	0	0	1
orf19.290	0	0	0	1
orf19.2904	0	0	0	1
orf19.2975	0	0	0	1
orf19.30	0	0	0	1
orf19.301	0	0	0	1
orf19.305	0	0	0	1
orf19.3105	0	0	0	1
orf19.3108	0	0	0	1
orf19.3117	0	0	0	1
orf19.3156	0	0	0	1
orf19.3201	0	0	0	1
orf19.3279	0	0	0	1
orf19.328	0	0	0	1
orf19.3283	0	0	0	1
orf19.3311	0	0	0	1
orf19.3315	0	0	0	1
orf19.3335	0	0	0	1
orf19.3345	0	0	0	1
orf19.335	0	0	0	1
orf19.3370	0	0	0	1
orf19.3374	0	0	0	1
orf19.3384	0	0	0	1
orf19.3404	0	0	0	1
orf19.3418	0	0	0	1
orf19.3438	0	0	0	1
orf19.3453	0	0	0	1
orf19.3470	0	0	0	1
orf19.348	0	0	0	1
orf19.3488	0	0	0	1
orf19.3611	0	0	0	1
orf19.3615	0	0	0	1
orf19.3618	0	0	0	1
orf19.3665	0	0	0	1
orf19.3667	0	0	0	1
orf19.3680	0	0	0	1
orf19.3693	0	0	0	1
orf19.3722	0	0	0	1
orf19.376	0	0	0	1
orf19.380	0	0	0	1
orf19.3829	0	0	0	1
orf19.3845	0	0	0	1
orf19.3863	0	0	0	1
orf19.3878	0	0	0	1
orf19.3885	0	0	0	1
orf19.3894	0	0	0	1
orf19.3919	0	0	0	1
orf19.3936	0	0	0	1
orf19.3944	0	0	0	1
orf19.4012	0	0	0	1
orf19.4036	0	0	0	1
orf19.4066	0	0	0	1
orf19.4072	0	0	0	1
orf19.4104	0	0	0	1
orf19.4135	0	0	0	1
orf19.4157	0	0	0	1
orf19.4174	0	0	0	1
orf19.4182	0	0	0	1
orf19.4185	0	0	0	1
orf19.4189	0	0	0	1
orf19.419	0	0	0	1
orf19.4193	0	0	0	1
orf19.4212	0	0	0	1
orf19.4248	0	0	0	1
orf19.4270	0	0	0	1
orf19.4292	0	0	0	1
orf19.433	0	0	0	1
orf19.4350	0	0	0	1
orf19.4362	0	0	0	1
orf19.4407	0	0	0	1
orf19.4412	0	0	0	1
orf19.4413	0	0	0	1
orf19.4444	0	0	0	1
orf19.4445	0	0	0	1
orf19.449	0	0	0	1
orf19.4567	0	0	0	1
orf19.4603	0	0	0	1
orf19.4680	0	0	0	1
orf19.4707	0	0	0	1
orf19.4720	0	0	0	1
orf19.4729	0	0	0	1
orf19.4738	0	0	0	1
orf19.4744	0	0	0	1
orf19.4774	0	0	0	1
orf19.4785	0	0	0	1
orf19.4859	0	0	0	1
orf19.4934	0	0	0	1
orf19.4982	0	0	0	1
orf19.50	0	0	0	1
orf19.5014	0	0	0	1
orf19.5020	0	0	0	1
orf19.5129	0	0	0	1
orf19.5138	0	0	0	1
orf19.5140	0	0	0	1
orf19.5141	0	0	0	1
orf19.5170	0	0	0	1
orf19.5173	0	0	0	1
orf19.5207	0	0	0	1
orf19.5241	0	0	0	1
orf19.5247	0	0	0	1
orf19.5258	0	0	0	1
orf19.5285	0	0	0	1
orf19.5286	0	0	0	1
orf19.529	0	0	0	1
orf19.5300	0	0	0	1
orf19.5334	0	0	0	1
orf19.5342	0	0	0	1
orf19.5399	0	0	0	1
orf19.540	0	0	0	1
orf19.5404	0	0	0	1
orf19.5406	0	0	0	1
orf19.5449	0	0	0	1
orf19.5477	0	0	0	1
orf19.5485	0	0	0	1
orf19.5509	0	0	0	1
orf19.5542	0	0	0	1
orf19.5547	0	0	0	1
orf19.5555	0	0	0	1
orf19.5559	0	0	0	1
orf19.5565	0	0	0	1
orf19.557	0	0	0	1
orf19.5585	0	0	0	1
orf19.5588	0	0	0	1
orf19.5593	0	0	0	1
orf19.5600	0	0	0	1
orf19.5635	0	0	0	1
orf19.5643	0	0	0	1
orf19.5644	0	0	0	1
orf19.570	0	0	0	1
orf19.5714	0	0	0	1
orf19.5736	0	0	0	1
orf19.575	0	0	0	1
orf19.5776	0	0	0	1
orf19.5813	0	0	0	1
orf19.584	0	0	0	1
orf19.5851	0	0	0	1
orf19.587	0	0	0	1
orf19.5874	0	0	0	1
orf19.5892	0	0	0	1
orf19.5942	0	0	0	1
orf19.5968	0	0	0	1
orf19.6001	0	0	0	1
orf19.6018	0	0	0	1
orf19.6037	0	0	0	1
orf19.6053	0	0	0	1
orf19.6219	0	0	0	1
orf19.6232	0	0	0	1
orf19.6238	0	0	0	1
orf19.6245	0	0	0	1
orf19.6249	0	0	0	1
orf19.6293	0	0	0	1
orf19.6313	0	0	0	1
orf19.6318	0	0	0	1
orf19.6376	0	0	0	1
orf19.6411	0	0	0	1
orf19.6420	0	0	0	1
orf19.6481	0	0	0	1
orf19.649	0	0	0	1
orf19.6526	0	0	0	1
orf19.6530	0	0	0	1
orf19.6553	0	0	0	1
orf19.660	0	0	0	1
orf19.6607	0	0	0	1
orf19.6637	0	0	0	1
orf19.6654	0	0	0	1
orf19.6673	0	0	0	1
orf19.6678	0	0	0	1
orf19.6693	0	0	0	1
orf19.6720	0	0	0	1
orf19.6741	0	0	0	1
orf19.6784	0	0	0	1
orf19.6802	0	0	0	1
orf19.682	0	0	0	1
orf19.6838	0	0	0	1
orf19.6842	0	0	0	1
orf19.6927	0	0	0	1
orf19.6948	0	0	0	1
orf19.6951	0	0	0	1
orf19.6980	0	0	0	1
orf19.6996	0	0	0	1
orf19.7020	0	0	0	1
orf19.7023	0	0	0	1
orf19.7049	0	0	0	1
orf19.7086	0	0	0	1
orf19.7186	0	0	0	1
orf19.7196	0	0	0	1
orf19.7206	0	0	0	1
orf19.7214	0	0	0	1
orf19.7221	0	0	0	1
orf19.7224	0	0	0	1
orf19.7228	0	0	0	1
orf19.726	0	0	0	1
orf19.7282	0	0	0	1
orf19.7288	0	0	0	1
orf19.7304	0	0	0	1
orf19.7305	0	0	0	1
orf19.731	0	0	0	1
orf19.7328	0	0	0	1
orf19.7342	0	0	0	1
orf19.7349	0	0	0	1
orf19.7353	0	0	0	1
orf19.7497	0	0	0	1
orf19.751	0	0	0	1
orf19.753	0	0	0	1
orf19.7550	0	0	0	1
orf19.7554	0	0	0	1
orf19.7574	0	0	0	1
orf19.762	0	0	0	1
orf19.783	0	0	0	1
orf19.8009	0	0	0	1
orf19.815	0	0	0	1
orf19.816	0	0	0	1
orf19.8477	0	0	0	1
orf19.8485	0	0	0	1
orf19.8650	0	0	0	1
orf19.872	0	0	0	1
orf19.8979	0	0	0	1
orf19.899	0	0	0	1
orf19.9111	0	0	0	1
orf19.931	0	0	0	1
orf19.9470	0	0	0	1
orf19.95	0	0	0	1
orf19.993	0	0	0	1
