YSD	Medium	length	diameter	septum	MI
89	dextrose	56.727	35.384	10.63	0.481625229
89	dextrose	61.984	48.662	12.042	0.315208785
89	dextrose	48.301	44.102	11.705	0.290677202
89	dextrose	42.059	34	10.63	0.386753607
89	dextrose	54.406	41.881	8.485	0.263187075
89	dextrose	51.662	38.601	7.81	0.270785333
89	dextrose	42.579	37.363	13	0.396511082
89	dextrose	49	42.012	12.042	0.334308939
89	dextrose	45.891	36.346	9.22	0.320291341
89	dextrose	42.438	33.838	9.849	0.365037662
89	dextrose	45.222	33.601	14.318	0.573492468
89	dextrose	54.644	43.278	10.63	0.310128288
89	dextrose	56.462	39	12.53	0.46513403
89	dextrose	41.049	32.202	8.485	0.335883552
89	dextrose	51.264	44.721	13.928	0.357008237
89	dextrose	46.39	34.525	9.434	0.367157894
89	dextrose	46.174	33.526	12.083	0.496373734
89	dextrose	49.244	38.833	9.22	0.301080313
89	dextrose	59.682	45.277	10	0.291130752
89	dextrose	47.17	38.053	9.055	0.294969104
89	dextrose	53.907	45	8.944	0.238095905
89	dextrose	59.933	46.519	11.662	0.322981996
89	dextrose	49.396	38.626	10.77	0.356572637
89	dextrose	57.94	44.011	10.817	0.323565976
89	dextrose	59.506	43.382	10.77	0.340531523
89	dextrose	45.044	38.118	9.055	0.280714724
89	dextrose	55.946	46.53	12.207	0.315436453
89	dextrose	52.479	41.617	10	0.303000964
89	dextrose	57.385	49.769	15.232	0.352888485
89	dextrose	49.01	42.012	12	0.333210927
89	dextrose	53.759	39.408	10.817	0.374446023
89	dextrose	52.924	43.081	10.63	0.303119848
89	dextrose	44.407	35	7.071	0.256328079
89	dextrose	58.669	44.721	13.038	0.382469361
89	dextrose	55.866	44.598	11.314	0.317784701
89	dextrose	56.269	43.186	11.662	0.351848961
89	dextrose	53.226	42.942	15	0.43296277
89	dextrose	55.036	47.413	9.849	0.241126048
89	dextrose	40.447	33.136	8	0.294697288
89	dextrose	48.374	40.249	7.81	0.233213048
89	dextrose	53.712	46.141	12.207	0.307968476
89	dextrose	43.909	37.736	9.22	0.284297304
89	dextrose	47.539	42.45	11.402	0.300798516
89	dextrose	48.918	41.4	11.402	0.325423601
89	dextrose	52.202	40.817	8.944	0.280244288
89	dextrose	37.483	30.594	7	0.280323727
89	dextrose	46.573	35.44	6	0.222483618
89	dextrose	47.011	40.804	11.402	0.321940081
89	dextrose	45.541	34.482	10.77	0.412508946
89	dextrose	46.957	38.275	8.944	0.286682864
89	dextrose	48.374	37.121	13	0.456368876
89	dextrose	50.606	42.638	14.866	0.413811437
89	dextrose	42.379	33.242	8.246	0.316242143
89	dextrose	54.12	42.942	13.892	0.407716256
89	dextrose	50.99	41.037	12.806	0.387745977
89	dextrose	43.417	35.847	7.211	0.243640608
89	dextrose	47.927	38.079	9.849	0.325537717
89	dextrose	52.393	40.522	9.055	0.288921577
89	dextrose	50.922	44.922	15.811	0.398975864
89	dextrose	60.465	45.793	12.042	0.347219804
89	dextrose	61.716	49.822	13.499	0.335627125
89	dextrose	49.212	36.962	11.47	0.413164984
89	dextrose	49.554	39.576	8.485	0.268452077
89	dextrose	42.594	36.326	5.375	0.173496907
89	dextrose	52.932	43.533	11.795	0.329442068
89	dextrose	51.437	41.526	9.428	0.281225699
89	dextrose	68.212	51.264	10.75	0.279025739
89	dextrose	40.094	34.884	11.795	0.388619667
89	dextrose	49.062	39.699	9.615	0.29931977
89	dextrose	52.936	41.788	8.969	0.27188921
89	dextrose	57.428	43.012	8.485	0.26338817
89	dextrose	51.865	41.629	14.56	0.435756426
89	dextrose	39.051	33.601	9.434	0.326304923
89	dextrose	51.884	38.079	8.944	0.320032565
89	dextrose	50.249	45.793	15.811	0.378868562
89	dextrose	48.847	38.013	9.22	0.311676836
89	dextrose	53.907	43.417	8.062	0.230551703
89	dextrose	63.6	45.607	12.042	0.368207582
89	dextrose	45	36	12	0.416666667
89	dextrose	57.775	45.695	10.296	0.284886011
89	dextrose	45.651	35.847	10.44	0.370890033
89	dextrose	47.76	40.719	19.925	0.573942573
89	dextrose	52.953	38.833	13.601	0.477594729
89	dextrose	53.31	43.382	11.402	0.322976244
89	dextrose	47.413	35.847	8.602	0.31738854
89	dextrose	50.636	37.216	12	0.438713755
89	dextrose	51.43	40.311	6.083	0.192525029
89	dextrose	54.12	43.417	11.662	0.334819853
89	dextrose	49.092	41.4	8.944	0.256178002
89	dextrose	46.872	40.817	9.22	0.259395384
89	dextrose	63.6	48.27	16.279	0.444355174
89	dextrose	52.839	39.446	9.22	0.313097479
89	dextrose	55.317	46.69	11.402	0.289328961
89	dextrose	44.102	37.643	12.042	0.374790395
89	dextrose	49.82	42.802	10	0.271941568
89	dextrose	52.086	38.013	10	0.360459699
89	dextrose	45.177	36.359	11.662	0.398535089
89	dextrose	51.624	43.267	8.944	0.246643614
89	dextrose	46.872	36.878	11.18	0.385319128
89	dextrose	51.4	45	8.602	0.218342123
89	maltose	53.74	40.311	13.601	0.449801976
89	maltose	40.262	23.087	6.708	0.506702903
89	maltose	42.012	33.015	7	0.269804254
89	maltose	44.721	32.28	8	0.343347936
89	maltose	38.897	33.615	5.099	0.175523345
89	maltose	37.443	28.302	6.708	0.313566341
89	maltose	32.062	24.083	5	0.276400894
89	maltose	40.311	32.757	8.062	0.302871302
89	maltose	51.078	34.482	7.616	0.327171846
89	maltose	32.202	21.095	5	0.361821017
89	maltose	42.426	33.734	6	0.22369056
89	maltose	39.825	26.173	4.123	0.23969673
89	maltose	44.102	32.14	8	0.34155176
89	maltose	44.643	37.696	7.28	0.228714771
89	maltose	38.419	25.495	7.81	0.461622595
89	maltose	39.623	27.659	6	0.310760389
89	maltose	40.162	29.967	5.385	0.240832173
89	maltose	57.219	40.311	10	0.352121967
89	maltose	40.817	28.018	6.708	0.348786666
89	maltose	34.205	32.202	6.403	0.211206561
89	maltose	45.651	30.48	5.831	0.286525587
89	maltose	42.059	35.847	4.472	0.146371022
89	maltose	44.721	34.132	7.211	0.276811117
89	maltose	47.76	34.438	10.77	0.433714736
89	maltose	42	31.016	5	0.218296976
89	maltose	47.297	38.897	11.18	0.349496785
89	maltose	53.151	39.319	9.22	0.316984067
89	maltose	43.324	33.106	7.616	0.301052377
89	maltose	55.471	41.773	17.493	0.556082156
89	maltose	43.29	29.275	5	0.252559543
89	maltose	46.098	33.941	5.385	0.215485734
89	maltose	44.598	37.014	10.817	0.352119577
89	maltose	43.417	28.16	8.246	0.451479298
89	maltose	41.881	33.242	7.071	0.267993086
89	maltose	45.274	37.268	18.196	0.593133729
89	maltose	48.721	37.547	10.349	0.357654831
89	maltose	45.068	35.302	13.744	0.497030238
89	maltose	57.72	41.596	12.684	0.423135455
89	maltose	41.575	30.991	5.375	0.232669548
89	maltose	44.081	34.026	8.692	0.330940075
89	maltose	46.438	33.5	15.563	0.643987163
89	maltose	44.507	27.406	6.799	0.402885888
89	maltose	44.487	33.099	9.286	0.377078745
89	maltose	50.089	32.931	8.028	0.370800138
89	maltose	42.164	32.558	8.028	0.319325596
89	maltose	48.831	28.844	6.667	0.391304732
89	maltose	44.322	32.51	6.7	0.280970169
89	maltose	47.446	38.378	8.246	0.265630695
89	maltose	42.005	30.696	6.146	0.27398701
89	maltose	41.655	26.55	5.207	0.307698703
89	maltose	44.949	34.673	19.067	0.712885139
89	maltose	42.921	28.503	7.333	0.387409594
89	maltose	42.132	26.8	8.433	0.494680268
89	maltose	44.086	33.797	7.775	0.300085348
89	maltose	41.382	30	7.333	0.33717134
89	maltose	38.759	26.8	7.333	0.395716957
89	maltose	34.577	22.281	5.375	0.374366019
89	maltose	50.16	39.356	13.098	0.424170646
89	maltose	38.163	30.412	5.963	0.246046591
89	maltose	37.642	27.431	4.472	0.223712991
89	maltose	52.273	37.357	18.306	0.685688552
89	maltose	37.818	29.732	6.667	0.285220518
89	maltose	41.979	39.788	8.944	0.237169949
89	maltose	41.868	34.319	6.037	0.214602186
89	maltose	44.352	34.493	8.353	0.311382179
89	maltose	41.958	28.3	7.211	0.377778644
89	maltose	54.557	36.612	10.934	0.445023191
89	maltose	42.719	32.173	6.96	0.287241509
89	maltose	52.671	42.132	7.333	0.217585073
89	maltose	43.41	32.338	8.11	0.336654425
89	maltose	45.976	33.099	4.853	0.203662809
89	maltose	44.845	36.691	7.333	0.244273647
89	maltose	35.808	25.889	7.454	0.398234519
89	maltose	40.585	25.734	3.771	0.231104014
89	maltose	42.421	35.503	11.096	0.373436914
89	maltose	41.355	34.769	6	0.205255534
89	maltose	36.271	27.487	5.375	0.25803779
89	maltose	42.594	30.732	6.289	0.283627523
89	maltose	54.406	40.404	12.806	0.426787381
89	maltose	41.107	28.284	5.333	0.274034795
89	maltose	42	32.028	6	0.245663651
89	maltose	48.671	37.333	13.333	0.465599353
89	maltose	38.093	30.696	8.769	0.354512599
89	maltose	35.901	22.676	5.696	0.397689047
89	maltose	53.337	39.356	6.667	0.229581631
89	maltose	44.806	29.242	7.087	0.371350884
89	maltose	46.39	34.28	6	0.236861239
89	maltose	43.868	30.302	5.735	0.273992496
89	maltose	54.016	38.69	8	0.288678838
89	maltose	55.909	44.181	12.667	0.362814313
89	maltose	48.023	33.797	11.813	0.496653142
89	maltose	42.353	35.734	8.944	0.296655704
89	maltose	42.953	33.849	8.894	0.3334256
89	maltose	42.76	28.844	5.735	0.294754297
89	maltose	42.999	34.769	10.435	0.371164481
89	maltose	43.04	36.908	10.541	0.333052772
89	maltose	41.596	32.249	8.667	0.346647332
89	maltose	63.281	48.776	16.111	0.428532207
89	maltose	42.463	32.201	5.497	0.225111506
89	maltose	36.228	26.566	6.566	0.33704889
1403	dextrose	272.052	21.375	25.751	15.33323441
1403	dextrose	267.426	26.8	32.687	12.17051913
1403	dextrose	189.901	27.358	36.025	9.140344208
1403	dextrose	102.874	48.166	12.579	0.557789816
1403	dextrose	201.981	38.134	16.055	2.229955022
1403	dextrose	389.758	21.499	16.055	13.53844636
1403	dextrose	74.285	56.647	23.286	0.539066311
1403	dextrose	64.069	37.547	11.392	0.517722973
1403	dextrose	223.364	24.801	18.135	6.585554582
1403	dextrose	74.041	42.374	20.309	0.837455792
1403	dextrose	69.295	41.183	15.549	0.63528471
1403	dextrose	305.159	22.071	18.667	11.69382766
1403	dextrose	73.37	42.164	15.202	0.627387177
1403	dextrose	232.513	18.135	17.385	12.29098857
1403	dextrose	641.024	16.707	32.469	74.56692909
1403	dextrose	51.294	22.667	12.074	1.205395733
1403	dextrose	396.251	29.814	33.44	14.90720232
1403	dextrose	100.249	23.286	30.782	5.69098049
1403	dextrose	62.681	40	10.414	0.407974959
1403	dextrose	312.14	35.876	32.551	7.894156473
1403	dextrose	53.666	45.117	19.414	0.511839529
1403	dextrose	385.612	23.324	17.333	12.28621786
1403	dextrose	62.936	45.607	12.579	0.380611795
1403	dextrose	103.159	48.899	13.92	0.600546172
1403	dextrose	310.211	33.119	52.273	14.78359951
1403	dextrose	309.896	31.609	16.055	4.979718207
1403	dextrose	420.567	25.889	14.727	9.240999109
1403	dextrose	49.026	39.643	15.202	0.474235613
1403	dextrose	308.072	32.111	35.075	10.47954065
1403	dextrose	650.772	32.111	20.309	12.81768922
1403	dextrose	46.667	48.479	31.805	0.631535804
1403	dextrose	585.066	22.627	28.535	32.608347
1403	dextrose	53.483	36	8	0.330141975
1403	dextrose	69.354	43.186	17.692	0.657903935
1403	dextrose	53.935	39.56	10	0.344633997
1403	dextrose	63.071	48.765	16.125	0.427674132
1403	dextrose	69.065	38.118	15	0.712999235
1403	dextrose	55.478	42.09	13.499	0.422731433
1403	dextrose	123.98	24.037	9.545	2.048174891
1403	dextrose	53.537	42.19	10.687	0.321433243
1403	dextrose	60.7	44.687	8	0.243173518
1403	dextrose	54.691	41.526	8.969	0.284459007
1403	dextrose	51.923	37.836	8.692	0.315260138
1403	dextrose	63.589	41.846	12.579	0.456793811
1403	dextrose	55.494	43.858	10.154	0.292944631
1403	dextrose	53.371	33.948	10.154	0.470234092
1403	dextrose	45.338	36.908	12.019	0.400027335
1403	dextrose	31.447	30	13.098	0.457658673
1403	dextrose	52.717	27.56	12.401	0.860694383
1403	dextrose	57.985	35.559	9.428	0.432350691
1403	dextrose	46.671	31.588	10.853	0.507636277
1403	dextrose	59.438	44.472	11.643	0.349909524
1403	dextrose	111.658	22.49	13.482	2.976221547
1403	dextrose	53.852	50.64	11.926	0.250443202
1403	dextrose	96.724	32.667	12.684	1.149666765
1403	dextrose	194.531	36.381	15.846	2.32894486
1403	dextrose	70.263	44.192	12.401	0.4461656
1403	dextrose	52.565	35.087	10.995	0.469460902
1403	dextrose	186.934	24.667	14.56	4.473186509
1403	dextrose	54.398	32.311	6.96	0.362653083
1403	dextrose	218.578	25.526	10.853	3.64074885
1403	dextrose	70.079	49.049	11.333	0.330120481
1403	dextrose	154.402	34.28	12.579	1.652788994
1403	dextrose	62.84	48.667	16.138	0.428170494
1403	dextrose	42.859	27.333	10.198	0.585035795
1403	dextrose	48.023	40.277	7.333	0.217078465
1403	dextrose	48.534	40.732	8.667	0.253538206
1403	dextrose	330.606	48.01	38.471	5.517988544
1403	dextrose	324.119	29	47.127	18.16261131
1403	dextrose	176.505	22.023	15.652	5.696051328
1403	dextrose	55.156	41.788	13.872	0.438155907
1403	dextrose	97.324	58.549	15.041	0.427029323
1403	dextrose	55.658	42.9	12.824	0.387825643
1403	dextrose	53.872	44.327	12.257	0.336055189
1403	dextrose	74.551	46.595	25.157	0.863840757
1403	dextrose	62.741	41.323	8.055	0.295960188
1403	dextrose	67.046	55.478	14.252	0.31046103
1403	dextrose	105.074	61.799	34.596	0.951827523
1403	dextrose	60.052	47.796	20.243	0.532131841
1403	dextrose	67.846	52.717	14.56	0.355454689
1403	dextrose	64.003	46.212	9.707	0.290921509
1403	dextrose	47.703	33.16	10.77	0.467231755
1403	dextrose	58.549	42.755	12.293	0.393734565
1403	dextrose	56.135	42.169	10	0.31568004
1403	dextrose	462.37	34.986	45.023	17.00730476
1403	dextrose	58.973	51.863	14.142	0.310062172
1403	dextrose	127.694	49.284	10.541	0.554166676
1403	dextrose	65.337	57.477	32.111	0.635074735
1403	dextrose	88.252	42.337	12.684	0.624511771
1403	dextrose	64.801	47.376	11.353	0.327774803
1403	dextrose	412.242	40.089	24.667	6.327295594
1403	dextrose	57.135	46.428	15.463	0.409860472
1403	dextrose	63.68	39.671	12.019	0.486323319
1403	dextrose	270.329	20.71	12.166	7.667967301
1403	dextrose	59.404	45.274	13.283	0.384958691
1403	dextrose	255.984	51.854	11.314	1.07712094
1403	dextrose	58.439	42.048	14.016	0.463272133
1403	dextrose	57.889	48.374	16.879	0.417559876
1403	dextrose	81.106	36.252	17.448	1.076799123
1403	dextrose	60.842	52.158	23.87	0.5338436
1403	maltose	41.08	27.817	11.795	0.62619241
1403	maltose	46.428	34.596	5.963	0.231309254
1403	maltose	50.513	35.777	9.911	0.391122497
1403	maltose	38.58	32.469	10.154	0.371587894
1403	maltose	47.591	35.075	8.894	0.344053988
1403	maltose	42.437	30.185	7.775	0.362128505
1403	maltose	54.201	38.833	10.176	0.365748465
1403	maltose	77.109	43.333	16.111	0.66159171
1403	maltose	44.407	39.356	11.035	0.316374789
1403	maltose	50.04	36.612	8.11	0.302754947
1403	maltose	42.541	34.577	7.775	0.276651782
1403	maltose	34.998	22.351	8	0.560453127
1403	maltose	46.581	39.872	7.211	0.211284804
1403	maltose	48.557	30.361	9.333	0.491632935
1403	maltose	48.831	30.847	7.333	0.376314919
1403	maltose	38.793	27.857	6.325	0.316187872
1403	maltose	41.878	37.765	10.088	0.296218397
1403	maltose	34.801	31.013	6.146	0.22238051
1403	maltose	42.468	31.34	6.667	0.288266569
1403	maltose	39.671	30.761	4.807	0.201533093
1403	maltose	42.374	33.48	6.289	0.237744325
1403	maltose	53.171	37.298	18.785	0.717984285
1403	maltose	41.676	32.728	7.364	0.286523915
1403	maltose	52.717	32.173	8	0.407434271
1403	maltose	50.142	39.469	9.615	0.309484352
1403	maltose	62.032	44.567	13.416	0.418998079
1403	maltose	48.083	34.884	7.087	0.280027984
1403	maltose	45.651	34.416	9.262	0.35697211
1403	maltose	43.086	37.624	11.353	0.345554763
1403	maltose	46.308	32.83	6.864	0.294911382
1403	maltose	44.979	35.283	8.894	0.321348229
1403	maltose	70.241	45.117	16.492	0.569093446
1403	maltose	42.547	26.55	8.028	0.48455966
1403	maltose	46.308	33.099	12.257	0.518096269
1403	maltose	40.617	32.221	8.667	0.339077217
1403	maltose	42	36	9.333	0.302458333
1403	maltose	38.701	25.932	6.146	0.353706236
1403	maltose	43.333	36.98	8.667	0.274633644
1403	maltose	48.826	37.387	6.864	0.239765772
1403	maltose	52.209	41.333	12.293	0.375672496
1403	maltose	50.195	23.113	5.077	0.477040205
1403	maltose	44.192	33.869	8.485	0.326881811
1403	maltose	54.144	39.894	13.482	0.458658549
1403	maltose	46.226	37.6	12.238	0.40014839
1403	maltose	45.607	32.694	5.735	0.244697094
1403	maltose	46.671	37.268	15.563	0.522959733
1403	maltose	45.879	34.801	11.47	0.434504135
1403	maltose	46.937	36.739	11.508	0.400184736
1403	maltose	41.123	32.311	10.541	0.415208088
1403	maltose	29.469	26.907	9.843	0.400647398
1403	maltose	58.187	38.326	13.098	0.518852558
1403	maltose	42.379	33.18	8.433	0.324623564
1403	maltose	45.353	35.34	8.667	0.314732598
1403	maltose	63.094	47.253	11.333	0.320238968
1403	maltose	48.958	41.419	7.333	0.209269595
1403	maltose	43.461	37.268	6.799	0.212751476
1403	maltose	44.944	36.136	6.566	0.225991677
1403	maltose	44.562	36.962	9.475	0.309053003
1403	maltose	38.976	36.381	12.293	0.36199776
1403	maltose	46.135	30.818	4.807	0.233504764
1403	maltose	60.93	50.182	13.499	0.326615539
1403	maltose	53.421	40.277	14.636	0.481970197
1403	maltose	42.547	29.469	6.289	0.308119894
1403	maltose	45.338	35.734	9.068	0.321966438
1403	maltose	48.671	42.526	9.911	0.266734183
1403	maltose	43.843	38.303	12.257	0.366284776
1403	maltose	47.225	36.375	6.6	0.23556453
1403	maltose	46.519	36.08	6.289	0.22473924
1403	maltose	46.212	38.759	10.77	0.331302979
1403	maltose	37.333	28.698	12.019	0.544826174
1403	maltose	55.658	40.354	6.667	0.227868804
1403	maltose	49.607	38.256	11.795	0.399799081
1403	maltose	47.712	39.215	14.142	0.43876706
1403	maltose	41.382	28.667	7.333	0.369256942
1403	maltose	50.934	40	7.775	0.247507406
1403	maltose	54.016	40.139	12.166	0.407884438
1403	maltose	47.14	36.782	7.601	0.26484369
1403	maltose	46.308	27.921	5.207	0.309301243
1403	maltose	41.015	30.782	6.667	0.288588821
1403	maltose	50.195	38.303	8.353	0.285783637
1403	maltose	43.333	32.938	12.737	0.50873481
1403	maltose	54.865	42.005	14.667	0.456073352
1403	maltose	56.667	42	10	0.321241497
1403	maltose	48.12	34.782	7.333	0.291674325
1403	maltose	36.667	30.645	8.353	0.326135901
1403	maltose	48.899	36.375	7.211	0.266495248
1403	maltose	54.91	40.359	9.286	0.313039636
1403	maltose	56.576	31.693	5.077	0.285964881
1403	maltose	43.98	34.163	7.454	0.280887629
1403	maltose	42.687	29.288	5.963	0.296743361
1403	maltose	40.705	30.536	7.775	0.339409398
1403	maltose	47.796	37.906	8.246	0.274295679
1403	maltose	54.328	39.626	10.667	0.369067278
1403	maltose	45.068	35.333	9.545	0.344574545
1403	maltose	48.282	36.154	9.545	0.352572534
1403	maltose	44.845	38.649	8.246	0.247560206
1403	maltose	48.295	36.497	8.667	0.314236502
1403	maltose	47.202	36.025	6.325	0.230045081
1403	maltose	46.648	37.047	8.433	0.286621681
1403	maltose	51.403	39.356	6.864	0.227794816
1410	dextrose	162.803	22.706	15.202	4.80044905
1410	dextrose	749.031	29.333	37.19	32.37524071
1410	dextrose	70.98	46.514	16.707	0.548109198
1410	dextrose	456.804	37.047	26.264	8.741474141
1410	dextrose	52.431	49.092	12.53	0.272594922
1410	dextrose	62.097	40.804	9.22	0.343871405
1410	dextrose	60.308	30.61	27.803	1.789533887
1410	dextrose	128.701	27.659	27.785	4.674330046
1410	dextrose	55.172	53.814	20.518	0.39089778
1410	dextrose	60.415	41.881	17.029	0.586542978
1410	dextrose	59.841	37.656	8	0.337614009
1410	dextrose	61.008	46	11.045	0.318446767
1410	dextrose	50.09	39.56	11.662	0.373260044
1410	dextrose	59	41	8	0.280785247
1410	dextrose	56.462	49.659	18.601	0.425889184
1410	dextrose	62.801	42.521	15	0.521015782
1410	dextrose	63.159	45.188	8.544	0.264271448
1410	dextrose	64.405	45.88	14.318	0.438081713
1410	dextrose	62.129	47.202	15.811	0.440892693
1410	dextrose	59.481	44.418	10.296	0.310405062
1410	dextrose	54.672	40.46	12.042	0.402171997
1410	dextrose	53.935	43.932	11.402	0.318632279
1410	dextrose	58.078	41	11	0.380046401
1410	dextrose	49.163	38.118	8	0.270687469
1410	dextrose	59.135	43.463	9.055	0.283461223
1410	dextrose	43.681	32.573	8.944	0.368221247
1410	dextrose	58.941	44.272	13.416	0.403443076
1410	dextrose	55.471	38.275	9.487	0.359223299
1410	dextrose	49.163	24.187	14.318	1.203252368
1410	dextrose	51.352	36.674	11.314	0.431973371
1410	dextrose	50.329	41.773	8.485	0.24472527
1410	dextrose	50.99	39.699	12.207	0.394943365
1410	dextrose	50.217	40.863	9.333	0.280680043
1410	dextrose	54.813	36.764	9.333	0.378494282
1410	dextrose	33.869	24.037	6.289	0.368657813
1410	dextrose	33.34	26.077	4.269	0.209303503
1410	dextrose	33.954	22.647	5.207	0.344712603
1410	dextrose	38.759	31.02	6.864	0.276481611
1410	dextrose	36.782	27.358	7.087	0.348280438
1410	dextrose	34.319	29.53	7.803	0.30709259
1410	dextrose	36.228	23.935	8.944	0.56559985
1410	dextrose	42.547	32.931	13.416	0.526359123
1410	dextrose	55.817	39.129	11.411	0.415999394
1410	dextrose	55.285	37.535	5.735	0.225044237
1410	dextrose	54.459	34.267	8.028	0.372327279
1410	dextrose	56.765	35.509	43.333	1.950843878
1410	dextrose	55.622	53.35	11.333	0.221473945
1410	dextrose	52.226	40.585	10	0.317070373
1410	dextrose	43.676	29.159	10.853	0.557503257
1410	dextrose	57.969	36.818	7.775	0.332487881
1410	dextrose	54.377	33.993	8.138	0.382960464
1410	dextrose	55.634	41.015	9.475	0.313353156
1410	dextrose	55.12	43.267	10.176	0.299621339
1410	dextrose	35.131	25.517	11.333	0.611471435
1410	dextrose	44.327	33.632	14.016	0.549271468
1410	dextrose	60.491	39.76	11.035	0.422250673
1410	dextrose	51.294	39.788	10.022	0.324725764
1410	dextrose	52.426	39.777	12.019	0.39824562
1410	dextrose	552.264	24.585	19.821	18.11055962
1410	dextrose	229.337	22.676	15.348	6.845308431
1410	dextrose	79.903	52.717	20.011	0.57534786
1410	dextrose	52.26	32.51	8.055	0.398291475
1410	dextrose	37.571	20.87	9.545	0.823348672
1410	dextrose	59.067	44.821	12.649	0.371910143
1410	dextrose	56.135	37.742	8.692	0.342533951
1410	dextrose	56.356	43.256	10.154	0.305833184
1410	dextrose	73.545	41.484	7.601	0.324834863
1410	dextrose	157.6	32.056	18.439	2.827970785
1410	dextrose	58.863	43.823	17.448	0.534790687
1410	dextrose	66.483	45.806	16.028	0.507861399
1410	dextrose	87.899	38.146	16.72	1.010001918
1410	dextrose	93.619	32.441	15.846	1.409597704
1410	dextrose	28.975	22.191	10.75	0.63252568
1410	dextrose	62.2	37.577	10.154	0.44728397
1410	dextrose	39.198	32.069	14.907	0.568176575
1410	dextrose	61.174	46.614	11.87	0.334183385
1410	dextrose	32.911	23.57	9.428	0.558523547
1410	dextrose	136.341	25.612	20.125	4.182879732
1410	dextrose	91	56.436	13.601	0.388597304
1410	dextrose	72.56	43.012	27.731	1.087635891
1410	dextrose	91.548	49.98	16.155	0.592056727
1410	dextrose	103.586	51.624	19.105	0.742582655
1410	dextrose	63.151	47.854	25.08	0.69162594
1410	dextrose	67.082	35.355	14.036	0.753264809
1410	dextrose	74.706	50.774	13.416	0.388772713
1410	dextrose	51.592	37.906	11.662	0.418735214
1410	dextrose	67.412	45.083	14.422	0.478340428
1410	dextrose	55.043	38.58	17.651	0.652750126
1410	dextrose	55.337	42.667	15.463	0.470029538
1410	dextrose	60.019	46.895	14.142	0.385963741
1410	dextrose	53.537	40.716	11.508	0.371641046
1410	dextrose	1090.47	19.799	20	55.63616758
1410	dextrose	353.548	18.111	26.907	29.00205704
1410	dextrose	780.013	42.19	25.612	11.2234476
1410	dextrose	584.318	36	22	9.918978395
1410	dextrose	113.225	53.712	25	0.981159674
1410	dextrose	46.84	38.897	14.142	0.437819908
1410	dextrose	55.444	38	21.024	0.807240066
1410	dextrose	147.959	18.439	6.708	2.919172188
1410	dextrose	52.616	38.873	8.944	0.311425021
1410	maltose	45.734	37.172	13.872	0.459141354
1410	maltose	59.93	43.256	15.348	0.491590357
1410	maltose	49.862	36.812	10.435	0.383957647
1410	maltose	53.852	40.277	17.308	0.574558817
1410	maltose	35.434	32	6.667	0.230701639
1410	maltose	40.667	34	8.028	0.28241754
1410	maltose	46.994	39.446	12.238	0.36961273
1410	maltose	39.215	31.868	7.211	0.27844415
1410	maltose	48.157	38.006	6.799	0.22667318
1410	maltose	38.759	29.53	5.963	0.265039424
1410	maltose	41.058	30.185	6.289	0.283398159
1410	maltose	41.767	32.585	6.7	0.263555834
1410	maltose	39.265	29.364	8.692	0.395817406
1410	maltose	54.975	40.732	19.09	0.632557044
1410	maltose	34.577	22.706	5.735	0.384626732
1410	maltose	39.067	34.928	9.068	0.290384972
1410	maltose	39.693	25.157	5.963	0.373990899
1410	maltose	41.979	32.201	7.18	0.290681783
1410	maltose	43.107	32.007	7.601	0.319836918
1410	maltose	43.579	35.69	9.843	0.336753137
1410	maltose	24.24	21.838	8.537	0.433922504
1410	maltose	32.007	23.371	4	0.234396094
1410	maltose	39.215	24.891	6	0.379768361
1410	maltose	30.883	33.153	8.667	0.243524472
1410	maltose	34.647	21.52	6.667	0.498782901
1410	maltose	24.037	35.559	12.019	0.2284807
1410	maltose	24.667	22.41	7.803	0.383260646
1410	maltose	51.312	40.617	11.175	0.347576806
1410	maltose	40.863	29.522	7.211	0.338091453
1410	maltose	43.461	33.119	9.475	0.375426136
1410	maltose	51.225	38.534	13.872	0.478556105
1410	maltose	55.092	41.161	13.132	0.427019373
1410	maltose	45.607	37.172	8.028	0.264976288
1410	maltose	45.966	38.181	15.041	0.474262544
1410	maltose	45.966	33.797	7.333	0.295095165
1410	maltose	43.594	33.711	8	0.306883427
1410	maltose	43.025	26.55	9.615	0.586868929
1410	maltose	58.138	39.961	7.18	0.261403764
1410	maltose	37.363	32.83	8.667	0.300447622
1410	maltose	39.961	30	6.799	0.301883154
1410	maltose	49.782	35.808	8.485	0.329430691
1410	maltose	37.765	29.219	7.18	0.317602006
1410	maltose	41.58	36.326	7.211	0.227219094
1410	maltose	46.174	33.797	7.803	0.315429859
1410	maltose	49.216	38.181	10.435	0.352293126
1410	maltose	49.549	39.061	15.232	0.494658083
1410	maltose	40.056	34	6.325	0.219164533
1410	maltose	42.085	30	7.333	0.342899228
1410	maltose	52.772	38.787	9.545	0.334816696
1410	maltose	40.705	36.818	9.843	0.295566261
1410	maltose	42.838	36.154	6.146	0.201422988
1410	maltose	41.058	33.849	7.601	0.272381017
1410	maltose	47.521	32.585	13.333	0.596730175
1410	maltose	46.571	34.986	6.566	0.249820376
1410	maltose	51.351	38.204	13.416	0.47201335
1410	maltose	25.612	21.685	9.615	0.523689575
1410	maltose	40.716	34.026	11.353	0.399258295
1410	maltose	40.497	34.577	5.696	0.192938196
1410	maltose	42.085	32.694	8.028	0.316081137
1410	maltose	56.419	41.468	14.636	0.480199391
1410	maltose	36.252	27.785	4.807	0.225727926
1410	maltose	38.181	29.53	7.775	0.340424496
1410	maltose	41.231	30.826	10.995	0.477072907
1410	maltose	44.944	32.311	6.96	0.29962646
1410	maltose	44.91	35.434	10.667	0.381544316
1410	maltose	45.436	24.891	8.246	0.604726126
1410	maltose	40.05	30.674	8	0.340527101
1410	maltose	53.087	39.469	12.737	0.434053324
1410	maltose	28.127	20.71	9.262	0.607390496
1410	maltose	42.4	30	8.537	0.402187556
1410	maltose	42.19	27.406	8	0.449374273
1410	maltose	29.333	23.333	7.601	0.409530312
1410	maltose	48.776	25.237	8.11	0.621085773
1410	maltose	54.732	39.777	18.012	0.623073393
1410	maltose	60.824	29.044	11.353	0.81860192
1410	maltose	74.907	12.684	10.198	4.748155626
1410	maltose	43.025	34.059	11.87	0.440258564
1410	maltose	44.181	30.007	5.333	0.261674841
1410	maltose	47.87	41.398	10.198	0.28485229
1410	maltose	27.463	24.748	10	0.448402228
1410	maltose	48.63	39.643	14.682	0.45431436
1410	maltose	57.057	41.419	13.499	0.448963786
1410	maltose	43.863	34.319	9.843	0.366569703
1410	maltose	21.082	20.011	10.934	0.575643088
1410	maltose	44.192	34.979	9.333	0.337093318
1410	maltose	31.805	20.155	6.566	0.514079959
1410	maltose	39.067	28.944	6.146	0.286606159
1410	maltose	43.66	22.755	6	0.505919364
1410	maltose	50.359	38.947	20.838	0.691807252
1410	maltose	47.703	32.51	15.804	0.713310759
1410	maltose	28.674	17.951	4.269	0.379871876
1410	maltose	48.831	41.468	11.643	0.33062397
1410	maltose	39.474	24.037	8	0.546563464
1410	maltose	34.782	25.386	4.667	0.251885867
1410	maltose	50.495	34.15	5.375	0.232726281
1410	maltose	31.113	25.456	3.333	0.160028332
1410	maltose	42.604	32.83	7.601	0.300454936
1410	maltose	32	24	10	0.555555556
1410	maltose	41.788	34.954	8.353	0.285693463
1410	maltose	36.136	29.273	7.601	0.320535654
1442	dextrose	28.901	19.039	7.211	0.574936787
1442	dextrose	31.197	23.195	4.031	0.233742065
1442	dextrose	26.306	22.361	6.576	0.345966603
1442	dextrose	27.226	21.8	5.315	0.304490763
1442	dextrose	26.405	21.36	9.657	0.558889443
1442	dextrose	24.377	20.591	4.61	0.265049083
1442	dextrose	28.364	22.023	5.408	0.316265051
1442	dextrose	30.806	24.739	4.528	0.227917382
1442	dextrose	26.575	22.006	7	0.384139614
1442	dextrose	25.807	21.36	5.657	0.319978799
1442	dextrose	31.816	23.717	7.826	0.442655551
1442	dextrose	27.789	22.361	4	0.222305633
1442	dextrose	28.504	23.505	6.946	0.358360453
1442	dextrose	33.593	24.505	8	0.44753743
1442	dextrose	31.78	25.495	6.083	0.297414184
1442	dextrose	62.042	26.101	9.899	0.901493958
1442	dextrose	27.663	21.645	8.062	0.476021853
1442	dextrose	30.663	24.829	7.632	0.379607293
1442	dextrose	26.019	23.265	6.083	0.292416789
1442	dextrose	34.785	24.052	7.433	0.446944657
1442	dextrose	27.295	20.797	4	0.25243043
1442	dextrose	30.5	24.187	7.5	0.391018309
1442	dextrose	30.22	23.431	6.519	0.358834171
1442	dextrose	33.534	24.005	8.559	0.498086723
1442	dextrose	16.763	14.577	4.61	0.363677441
1442	dextrose	29.21	23.345	8	0.428779277
1442	dextrose	28.364	23.377	7.106	0.368820563
1442	dextrose	32.5	25.105	7.81	0.402729964
1442	dextrose	15.524	15.042	6.5	0.445970182
1442	dextrose	33.264	24.052	8.515	0.489617277
1442	dextrose	28.853	18.111	6.5	0.571767507
1442	dextrose	26.538	22.277	5	0.267377455
1442	dextrose	26.163	20.402	5.657	0.355572556
1442	dextrose	27.663	19.026	5.025	0.384008076
1442	dextrose	32.423	24.052	8.86	0.49657463
1442	dextrose	31.662	25.145	7.649	0.383036117
1442	dextrose	27.354	25.933	6.325	0.257262125
1442	dextrose	29.347	23.087	6.185	0.340540218
1442	dextrose	29.753	22.594	7.382	0.430247697
1442	dextrose	32.268	22.5	5	0.318696296
1442	dextrose	16.447	14.23	7.433	0.603727592
1442	dextrose	29.547	22.389	5.831	0.343705942
1442	dextrose	26.538	22.277	4.61	0.246522013
1442	dextrose	28.935	24.423	6.708	0.325400729
1442	dextrose	26.8	23.114	5.701	0.285979971
1442	dextrose	31.101	26.077	7	0.320152678
1442	dextrose	28.792	24.597	6.325	0.301001099
1442	dextrose	24.546	18.446	4.717	0.340284524
1442	dextrose	24.151	20.591	7.5	0.427210093
1442	dextrose	29.155	22.051	6.576	0.394292278
1442	dextrose	26.215	20.555	6.021	0.373579922
1442	dextrose	28.182	23.049	5.22	0.27690968
1442	dextrose	29.967	20.67	7.5	0.526045825
1442	dextrose	31.8	24.739	6.671	0.346620129
1442	dextrose	25.933	23.022	6.801	0.332766375
1442	dextrose	28.43	22.327	6.801	0.387872411
1442	dextrose	31.185	26.8	8.016	0.348043774
1442	dextrose	31.484	23.049	7.071	0.419050695
1442	dextrose	26.249	25.105	7.433	0.309568273
1442	dextrose	31.516	26.505	6.5	0.291600881
1442	dextrose	21.095	18.358	7.616	0.476711616
1442	dextrose	32.73	24.597	6.671	0.360888185
1442	dextrose	32.684	21.915	4.717	0.32100968
1442	dextrose	27.5	22	8.5	0.482954545
1442	dextrose	24.749	21.29	6.021	0.328756963
1442	dextrose	27.893	21.378	5.523	0.337082437
1442	dextrose	23.308	20.304	5.315	0.30050041
1442	dextrose	24.187	19.558	3.5	0.221310065
1442	dextrose	20.112	16.919	2.828	0.198694243
1442	dextrose	36.797	26.519	9.925	0.519312339
1442	dextrose	28.293	23.345	11.011	0.571633939
1442	dextrose	16.8	13.829	4.61	0.40497541
1442	dextrose	33.264	23.431	4.301	0.260592713
1442	dextrose	30.647	21.36	6.946	0.466573696
1442	dextrose	23.505	21.708	4.924	0.245605831
1442	dextrose	33.004	25.5	7.5	0.380668973
1442	dextrose	25.466	21.213	7.071	0.400163422
1442	dextrose	24.99	19.039	4.743	0.326987472
1442	dextrose	28.539	22.522	6.5	0.365711149
1442	dextrose	27.613	21.932	6.021	0.345641392
1442	dextrose	34.077	22.322	4.924	0.336754332
1442	dextrose	27.459	22.638	8.602	0.460901418
1442	dextrose	26.542	21.006	8.5	0.511288292
1442	dextrose	34.132	24.207	10.7	0.623251847
1442	dextrose	26.744	21.915	7.28	0.405391644
1442	dextrose	32.249	26.173	10	0.470770501
1442	dextrose	30.414	21.378	5.59	0.372007079
1442	dextrose	34	26.42	8.078	0.393474996
1442	dextrose	29.3	23.601	7.071	0.371952642
1442	dextrose	31.674	23.77	7.433	0.416685782
1442	dextrose	35.468	22.627	7.81	0.541045488
1442	dextrose	30.414	23.345	6.021	0.33601171
1442	dextrose	33.593	24.382	6.519	0.368375821
1442	dextrose	27.459	22.102	6.946	0.390441837
1442	dextrose	27.354	23.162	7.81	0.398216969
1442	dextrose	26.277	20.359	9.657	0.612216637
1442	dextrose	28.16	21.587	6.185	0.373755654
1442	dextrose	29.741	24.233	7.517	0.380702521
1442	dextrose	27.203	22.102	4.717	0.262675476
1442	dextrose	27.536	21.471	4.031	0.240773734
1442	maltose	28.636	18.974	6.185	0.491965066
1442	maltose	24.622	21.691	5.59	0.292533755
1442	maltose	27.042	21.783	5	0.284953129
1442	maltose	28.784	20.718	7.433	0.498447729
1442	maltose	20.524	17.007	4.61	0.327120309
1442	maltose	24.885	17.443	4.528	0.37034092
1442	maltose	22.299	16.101	2.915	0.250736897
1442	maltose	26.173	22.204	6	0.318524115
1442	maltose	24.254	18.554	4.743	0.334165333
1442	maltose	30.516	23.114	5.408	0.308897271
1442	maltose	31.753	25.554	8.276	0.402427327
1442	maltose	25.962	19.609	5.701	0.384926928
1442	maltose	23.345	20.131	4.5	0.25922429
1442	maltose	24.187	20.67	5.315	0.300887621
1442	maltose	24.042	18.439	4.95	0.350026611
1442	maltose	27.286	21.36	6.671	0.398959048
1442	maltose	26.926	21.708	5.408	0.309007413
1442	maltose	21.101	17.586	4.61	0.314535613
1442	maltose	27.613	21.319	4.472	0.271695052
1442	maltose	31.567	24.439	9.618	0.508336413
1442	maltose	22.825	18.18	6.708	0.463250698
1442	maltose	32.101	22.472	9.179	0.583486052
1442	maltose	30.516	19.144	9.179	0.764288993
1442	maltose	30.992	25.348	11.424	0.551036543
1442	maltose	28.284	22.204	8.631	0.495153106
1442	maltose	30.871	23.927	8.5	0.458345661
1442	maltose	24.192	18.125	5.59	0.411649461
1442	maltose	25.986	17.614	6	0.502544704
1442	maltose	24.166	18.848	5.701	0.387815592
1442	maltose	30.373	23.585	8.382	0.45768174
1442	maltose	30.319	22.136	5.701	0.352750487
1442	maltose	23.436	20.5	6.5	0.362484236
1442	maltose	21.477	20.156	4.301	0.227370627
1442	maltose	25.164	18.822	5.025	0.356930947
1442	maltose	24.824	21.29	4.031	0.220766533
1442	maltose	24.546	20.056	5.025	0.30663954
1442	maltose	22.946	19.647	5.701	0.338895295
1442	maltose	23.817	21.57	6.727	0.344356428
1442	maltose	24.135	20.131	5.701	0.339521786
1442	maltose	19.449	16.808	5.852	0.402874255
1442	maltose	25.947	19.235	7.616	0.534108766
1442	maltose	30.336	22.361	7.018	0.425783901
1442	maltose	36.056	26.462	5.831	0.300244635
1442	maltose	28.018	22.102	6.727	0.385829482
1442	maltose	19.164	14.221	4.528	0.429074107
1442	maltose	25.622	18.848	5.385	0.388390133
1442	maltose	26.42	17.678	5.59	0.472583291
1442	maltose	29.774	19.526	7.106	0.554926951
1442	maltose	24.207	20	7.632	0.46186956
1442	maltose	23.195	19.105	4	0.254191067
1442	maltose	26.101	19.704	3.536	0.2377172
1442	maltose	25.348	20.742	5.701	0.33588722
1442	maltose	23.265	19.647	4	0.241085204
1442	maltose	23.308	18.868	3.606	0.236090764
1442	maltose	26.669	20.652	7	0.437704023
1442	maltose	24.52	20.524	5.5	0.320154156
1442	maltose	33.838	24.233	5.701	0.32850453
1442	maltose	25.632	18.848	4.272	0.308235881
1442	maltose	33.56	22.611	5	0.328210459
1442	maltose	26.613	20.573	5.852	0.367961939
1442	maltose	25.928	19.105	5.315	0.377553241
1442	maltose	31.78	22.389	4.472	0.283521694
1442	maltose	27.189	19.3	5.385	0.393064955
1442	maltose	20.359	18.337	5.148	0.311701154
1442	maltose	23.2	19.849	5	0.294429096
1442	maltose	32.73	23.431	8.746	0.521403366
1442	maltose	31.8	21.36	5.385	0.375327452
1442	maltose	24.759	18.385	5.701	0.417596522
1442	maltose	25.125	21.101	4.031	0.227464064
1442	maltose	22.142	18.111	4.272	0.288378733
1442	maltose	25.933	19.138	5.701	0.403655338
1442	maltose	28.425	20.402	7.433	0.507597085
1442	maltose	23.943	18.795	5.852	0.396641565
1442	maltose	23.754	20.248	5.385	0.312002587
1442	maltose	23.77	19.313	5.025	0.320232766
1442	maltose	25.773	18.848	4.743	0.344102282
1442	maltose	23.633	18.248	4.528	0.321362153
1442	maltose	24.829	18.118	4.743	0.358749944
1442	maltose	20.815	15.692	3.354	0.283519461
1442	maltose	27.514	19.906	4.472	0.310518535
1442	maltose	22.611	19.242	3.808	0.232549971
1442	maltose	26.086	21.708	4.123	0.22823445
1442	maltose	23.585	17.923	4.123	0.302710723
1442	maltose	23.585	19.609	5.385	0.330301613
1442	maltose	26.42	18.608	5.59	0.426525722
1442	maltose	25.239	18.795	4.031	0.288005169
1442	maltose	26.505	20.506	5	0.315163494
1442	maltose	25.5	21.915	5.148	0.273335329
1442	maltose	24.52	19.313	4.528	0.297664747
1442	maltose	26.571	20.359	6.325	0.405467029
1442	maltose	22.472	17.614	3.162	0.229027487
1442	maltose	19.313	17.671	7.649	0.473077342
1442	maltose	29.125	21.36	7.433	0.474490553
1442	maltose	25.179	20	8.5	0.53505375
1442	maltose	24.87	18.868	4.301	0.300464725
1442	maltose	24.192	20.402	7.5	0.435900684
1442	maltose	30.104	20.156	5.408	0.400730307
1442	maltose	23.162	16.621	4.61	0.386511735
1442	maltose	27.189	21.219	6.727	0.406223306
1442	maltose	24.759	19.449	4.95	0.323999057
1444	dextrose	55.057	15.207	12.816	3.051251109
1444	dextrose	31.945	23.537	7.159	0.412812691
1444	dextrose	54.362	16.919	4.61	0.875481495
1444	dextrose	134.657	9	6.708	11.15159452
1444	dextrose	42.617	22.472	4.243	0.358073725
1444	dextrose	25.715	18.31	4.301	0.329897696
1444	dextrose	80.365	16.808	12.021	3.419601252
1444	dextrose	59.203	17.205	10.977	2.195422064
1444	dextrose	59.81	15.62	5.657	1.386749194
1444	dextrose	55.902	15.24	7.433	1.789046154
1444	dextrose	27.005	14.509	5.5	0.705556683
1444	dextrose	24.546	18.18	4.031	0.299368272
1444	dextrose	31.78	25.005	12.855	0.653389658
1444	dextrose	98.866	15.297	13.647	5.765959952
1444	dextrose	186.554	16	6	4.372359375
1444	dextrose	33.738	24.021	10.512	0.614642405
1444	dextrose	27.391	18.668	5.59	0.439363638
1444	dextrose	34.366	23.838	6.576	0.397695942
1444	dextrose	117.509	10.735	7.211	7.352965503
1444	dextrose	28.504	20.248	4.472	0.310916192
1444	dextrose	39.118	26.077	9.301	0.53504589
1444	dextrose	53.127	18.601	6.265	0.961974993
1444	dextrose	109.802	12.54	7.5	5.236926047
1444	dextrose	31.78	19.981	8.902	0.708609619
1444	dextrose	75.56	9.341	9.192	7.960039462
1444	dextrose	83.662	20.224	7.018	1.435514201
1444	dextrose	120.26	12.349	5.701	4.495817353
1444	dextrose	48.51	14.009	13.509	3.339182885
1444	dextrose	37.108	20.555	4.743	0.416567813
1444	dextrose	18	13	7.071	0.75312426
1444	dextrose	82.827	7.81	4.61	6.259948915
1444	dextrose	90.919	8.732	5.701	6.797954247
1444	dextrose	32.33	24.274	7.632	0.418756317
1444	dextrose	28.364	23.691	4.717	0.238378217
1444	dextrose	59.603	16.8	6.801	1.4362245
1444	dextrose	41	29.504	6.5	0.306150811
1444	dextrose	41.437	28.045	7.071	0.372527428
1444	dextrose	111.028	17.5	20.224	7.332017215
1444	dextrose	32.867	20.881	5.099	0.38436381
1444	dextrose	31.089	23.265	10.63	0.61056781
1444	dextrose	32.14	21.477	7.018	0.489003539
1444	dextrose	29.841	21.506	8.846	0.570743566
1444	dextrose	39.459	29.652	9	0.403906276
1444	dextrose	35.56	21.691	5.59	0.422488032
1444	dextrose	38.461	28.218	11.8	0.569967537
1444	dextrose	34.702	17.903	7.211	0.780725524
1444	dextrose	129.294	10.92	15.7	17.02286861
1444	dextrose	28.231	19.313	5.385	0.407579647
1444	dextrose	131.432	14.3	12.816	8.237236598
1444	dextrose	136.902	9.925	7.81	10.85424939
1444	dextrose	33.185	24.622	7.632	0.417766421
1444	dextrose	98.92	12.748	13.793	8.395735234
1444	dextrose	127.883	17.755	6.185	2.509060691
1444	dextrose	74.877	15.532	17.117	5.312773765
1444	dextrose	40.804	17.414	4.95	0.666056173
1444	dextrose	56.703	9.708	7.106	4.275350303
1444	dextrose	29.334	22.361	4.031	0.236483935
1444	dextrose	335.308	11.18	19.059	51.12818997
1444	dextrose	38.279	27.735	7.762	0.386258351
1444	dextrose	38.013	25.656	5.408	0.312313628
1444	dextrose	45.136	18.118	4.61	0.633874796
1444	dextrose	28.022	18.554	4.472	0.364020481
1444	dextrose	35.92	25.224	6.671	0.376616509
1444	dextrose	22.192	9.179	7.433	1.957806819
1444	dextrose	40.478	22.389	5.385	0.434845881
1444	dextrose	27.722	19.164	4.5	0.339675911
1444	dextrose	33.801	21.783	5.831	0.41537199
1444	dextrose	34.442	12.54	12.042	2.637496623
1444	dextrose	28.443	21.225	6.671	0.421183107
1444	dextrose	30.418	22.147	6.964	0.431876533
1444	dextrose	28.32	13.124	3.536	0.581397369
1444	dextrose	38.626	20.573	6.801	0.620665004
1444	dextrose	27.354	15.508	4.61	0.524336612
1444	dextrose	32.381	17.868	5.099	0.517158159
1444	dextrose	25.739	21.708	5.523	0.301666502
1444	dextrose	31.145	20.224	7.018	0.534401398
1444	dextrose	32.867	21.506	5.5	0.39084402
1444	dextrose	34.821	17.923	5.59	0.605942811
1444	dextrose	28.258	22.074	5.385	0.312295015
1444	dextrose	26.173	21.225	4.95	0.287583064
1444	dextrose	38.305	24.13	8.902	0.585636873
1444	dextrose	17.734	13.285	5.701	0.572841704
1444	dextrose	49.49	13.757	4.717	1.233490632
1444	dextrose	23.759	20.396	5.59	0.319264006
1444	dextrose	45.412	23.071	6.727	0.573930386
1444	dextrose	31.484	18.31	6.519	0.612201228
1444	dextrose	30.859	18.608	4.301	0.383311542
1444	dextrose	25.52	21.639	6.801	0.370662859
1444	dextrose	27.336	21.26	6.801	0.411321319
1444	dextrose	26.8	19.449	5.59	0.396051853
1444	dextrose	25.269	21.477	3.354	0.183740071
1444	dextrose	28.504	24.052	12.021	0.592303114
1444	dextrose	160.863	14.866	3.606	2.624784358
1444	dextrose	26.744	22.847	5.099	0.261248023
1444	dextrose	87.741	15.508	9.192	3.35352085
1444	dextrose	137.591	17.464	12.619	5.692820916
1444	dextrose	307.976	13.124	11.662	20.85246821
1444	dextrose	202.071	9.179	11.236	26.94790338
1444	dextrose	321.522	16.101	7.106	8.813130436
1444	dextrose	31.401	20.797	5.22	0.378976777
1384	dextrose	56.478	41.107	13.482	0.450611287
1384	dextrose	44.267	28.944	8.537	0.45109527
1384	dextrose	50.535	39.356	5.207	0.169886138
1384	dextrose	50.737	40.089	9.333	0.294642645
1384	dextrose	51.294	44.02	7.542	0.199642509
1384	dextrose	46.207	37.724	6.289	0.204199134
1384	dextrose	52.26	36.812	5.696	0.219664846
1384	dextrose	60.314	39.654	9.357	0.358906031
1384	dextrose	47.352	35.39	7.333	0.277241913
1384	dextrose	51.294	37.624	10.995	0.398411504
1384	dextrose	47.893	36.136	11.096	0.406966194
1384	dextrose	50.829	38.378	7.601	0.262311675
1384	dextrose	47.633	39.878	12.944	0.387712409
1384	dextrose	46.937	35.634	6.799	0.251322411
1384	dextrose	49.875	32.998	5.696	0.260902147
1384	dextrose	58.134	40	12.737	0.462782974
1384	dextrose	47.87	33.869	6.146	0.25647866
1384	dextrose	49.554	37.482	12.667	0.446793632
1384	dextrose	43.843	31.02	6.7	0.305275168
1384	dextrose	51.854	41.767	6.037	0.179447278
1384	dextrose	48.708	37.047	7.087	0.2515108
1384	dextrose	47.703	35.182	7.211	0.277907418
1384	dextrose	40.31	34.15	8.055	0.278417755
1384	dextrose	41.339	33.954	5.735	0.205641849
1384	dextrose	47.347	36.393	8.667	0.309831485
1384	dextrose	41.617	35.883	9.262	0.299362955
1384	dextrose	44.267	32.277	9.068	0.385305561
1384	dextrose	59.033	43.256	11.926	0.376267706
1384	dextrose	44.746	39.446	9.911	0.285013712
1384	dextrose	58.927	41.58	18.439	0.628467358
1384	dextrose	49.333	39.333	8.667	0.276370815
1384	dextrose	47.376	34.935	8.138	0.315903604
1384	dextrose	51.338	39.878	10.934	0.352980958
1384	dextrose	38.873	30.926	6	0.243866309
1384	dextrose	44.407	38.534	9.068	0.27119068
1384	dextrose	63.641	46.308	13.499	0.400614388
1384	dextrose	38.459	40.404	11.353	0.267460653
1384	dextrose	50.684	42.132	13.333	0.380692754
1384	dextrose	45.923	38.793	6.7	0.204455276
1384	dextrose	47.675	38.39	9.286	0.300388399
1384	dextrose	49.603	38.21	10	0.339745621
1384	dextrose	55.337	43.379	12	0.352888727
1384	dextrose	43.868	36.283	6.037	0.20116973
1384	dextrose	27.014	26.998	7.454	0.276258149
1384	dextrose	27.657	24.909	9.615	0.428589743
1384	dextrose	46.614	36.08	7.601	0.272178644
1384	dextrose	43.025	32.694	10.995	0.442567987
1384	dextrose	64.256	50.018	14.016	0.359985602
1384	dextrose	29.59	26.55	9.068	0.380651395
1384	dextrose	48.831	31.241	6.289	0.314649727
1384	dextrose	40.585	30.732	7.542	0.324093581
1384	dextrose	50.495	37.724	10.853	0.385090413
1384	dextrose	56.04	47.563	10.176	0.252079046
1384	dextrose	46.729	35.384	6.6	0.246329582
1384	dextrose	56.725	42.9	12.875	0.396832431
1384	dextrose	58.939	42.343	12.944	0.425508283
1384	dextrose	53.009	42.085	11.333	0.339187499
1384	dextrose	50.706	37.736	8.944	0.318477985
1384	dextrose	43.949	33.797	6.96	0.267794673
1384	dextrose	41.231	34.928	9.707	0.328066179
1384	dextrose	44.045	35.49	10.667	0.373015528
1384	dextrose	56.765	39.384	12	0.43915946
1384	dextrose	49.026	34.596	8.353	0.342150489
1384	dextrose	48.3	39.671	10.435	0.32025306
1384	dextrose	51.264	36.721	7.803	0.296650509
1384	dextrose	44.402	33.473	6.864	0.272013546
1384	dextrose	53.637	39.939	8.353	0.280874678
1384	dextrose	40.011	36.086	9.068	0.278620731
1384	dextrose	45.5	34.319	7.803	0.301441994
1384	dextrose	41.419	32.667	6.325	0.245494425
1384	dextrose	47.225	37.818	8.485	0.28017327
1384	dextrose	51.125	41.724	12.454	0.365738188
1384	dextrose	51.034	38.256	8.433	0.294064495
1384	dextrose	63.627	44.984	16.275	0.511736392
1384	dextrose	48.612	38.093	5.497	0.184153032
1384	dextrose	32.998	24.046	9.428	0.538048601
1384	dextrose	42.999	34.801	6	0.213022834
1384	dextrose	43.502	34.647	11.035	0.399898974
1384	dextrose	38.69	29.432	9.843	0.439629336
1384	dextrose	43.828	36.136	5.735	0.192488558
1384	dextrose	44.821	36.721	6.96	0.231345887
1384	dextrose	46.923	39.016	10.541	0.32492423
1384	dextrose	25.552	28.284	10.667	0.340710515
1384	dextrose	50.596	40.359	10.349	0.32146506
1384	dextrose	46.899	37.387	6.667	0.22369321
1384	dextrose	50.089	36.545	8.692	0.325991403
1384	dextrose	50	35.207	10.75	0.433631106
1384	dextrose	49.405	38.023	7.333	0.250587746
1384	dextrose	52.017	42.687	8.667	0.247413179
1384	dextrose	41.015	36.301	6.667	0.207508549
1384	dextrose	54.263	37.268	8.692	0.339587225
1384	dextrose	63.052	44.267	9.843	0.316713205
1384	dextrose	59.666	47.87	13.744	0.357860048
1384	dextrose	45.343	35.839	6.667	0.235357986
1384	dextrose	47.712	39.016	9.911	0.310641599
1384	dextrose	52.226	39.294	8.028	0.271544898
1384	dextrose	41.979	31.672	7.087	0.29658115
1384	dextrose	51.195	36.222	10.853	0.423479604
1384	dextrose	32.221	25.386	10.154	0.507677157
1384	dextrose	39.016	29.522	9.545	0.427294324
1384	maltose	40.249	26.541	8.692	0.496638345
1384	maltose	35.258	24.667	5.963	0.345533226
1384	maltose	39.777	25.237	7.364	0.459907349
1384	maltose	43.868	31.868	7.601	0.328328778
1384	maltose	39.671	27.146	7.775	0.418563984
1384	maltose	35.503	25.201	6.6	0.368955033
1384	maltose	38.187	31.616	8.537	0.326142185
1384	maltose	41.446	21.499	5.077	0.455253472
1384	maltose	40	28.852	4.714	0.226515394
1384	maltose	43.107	35.333	7.601	0.262456604
1384	maltose	45.5	27.849	7.454	0.437302112
1384	maltose	35.207	21.187	5.077	0.398196328
1384	maltose	35.634	35.182	12.684	0.365157109
1384	maltose	37.315	30.302	5.077	0.206323179
1384	maltose	44.806	33.954	6.667	0.259110338
1384	maltose	46.809	30.732	10	0.495618734
1384	maltose	46.423	28.503	7.803	0.445875556
1384	maltose	43.823	26.998	4.807	0.289010114
1384	maltose	39.129	34.28	8.667	0.288593084
1384	maltose	32.694	22.804	5.696	0.358109609
1384	maltose	42.838	26.998	6.325	0.371729074
1384	maltose	55.913	38.701	8.969	0.334820812
1384	maltose	44.711	38.023	8.692	0.268807475
1384	maltose	28.636	23.935	8.894	0.444572521
1384	maltose	40.639	35.201	7.211	0.236498563
1384	maltose	44.845	38.667	12.293	0.368715125
1384	maltose	61.842	39.129	16.56	0.668877151
1384	maltose	45.695	33.106	8.667	0.36134667
1384	maltose	45.651	36.136	9.843	0.344110263
1384	maltose	43.676	35.578	10.77	0.371616937
1384	maltose	49.697	36.612	12.737	0.472226565
1384	maltose	43.354	33.36	9.428	0.367279479
1384	maltose	59.243	37.315	13.92	0.592255887
1384	maltose	37.387	31.077	8.537	0.330481934
1384	maltose	33.34	23.343	8.969	0.548777478
1384	maltose	43.868	36.086	11.643	0.392224974
1384	maltose	45.651	34.769	10.435	0.394056367
1384	maltose	43.333	30.148	6.289	0.299835698
1384	maltose	41.526	35.876	5.207	0.167996273
1384	maltose	46.121	32.667	9.545	0.412530576
1384	maltose	48.374	38.873	6.146	0.196747145
1384	maltose	48.826	36.962	9.428	0.336945604
1384	maltose	53.07	40.277	12.649	0.413800537
1384	maltose	50.301	31.623	6.289	0.316338519
1384	maltose	42.337	29.605	8.692	0.419864994
1384	maltose	42.216	31.84	10.154	0.422832267
1384	maltose	52.017	37.333	8	0.298572296
1384	maltose	53.835	40.667	14.391	0.468458819
1384	maltose	46.581	37.268	14.682	0.492404319
1384	maltose	37.071	29.364	8.969	0.385609651
1384	maltose	54.918	35.69	12.737	0.54914719
1384	maltose	45.509	33.658	12.019	0.482824184
1384	maltose	33.731	22.161	11.333	0.778386684
1384	maltose	42.937	28.032	11.333	0.619253424
1384	maltose	40.814	27.487	9.475	0.511839377
1384	maltose	41.532	30.207	8.769	0.399133081
1384	maltose	39.395	29.515	8.944	0.404470936
1384	maltose	41.123	36.721	17.651	0.5383009
1384	maltose	42.885	32.687	8	0.321103674
1384	maltose	57.6	42.802	15.348	0.482554254
1384	maltose	47.675	30.148	8.433	0.442339567
1384	maltose	45.353	36.472	14.981	0.510772687
1384	maltose	34.596	22.667	8.944	0.602239989
1384	maltose	44.746	35.839	12.074	0.420623588
1384	maltose	18.774	18.012	8.692	0.502982245
1384	maltose	38.672	30.007	8.667	0.372237629
1384	maltose	38.81	28.736	6.7	0.314895037
1384	maltose	34.998	25.966	9.428	0.4893873
1384	maltose	31.227	23.823	4.472	0.246058944
1384	maltose	39.248	26.998	7.803	0.420161207
1384	maltose	37.172	27.56	6.289	0.30777908
1384	maltose	47.563	32.998	8.028	0.350672223
1384	maltose	57.43	40.716	16.125	0.558609514
1384	maltose	44.567	32.221	8.944	0.38394336
1384	maltose	52.498	37.315	14.757	0.556383118
1384	maltose	21.302	20.58	11.926	0.599824837
1384	maltose	37.924	33.869	8.11	0.268120638
1384	maltose	44.192	30.883	6.667	0.308912263
1384	maltose	45.068	34.026	9.262	0.360538184
1384	maltose	44.272	26.566	8.055	0.505291916
1384	maltose	39.788	35.559	7.775	0.244654624
1384	maltose	51.403	40.792	18.049	0.557560005
1384	maltose	46.861	36.545	15.114	0.530316375
1384	maltose	51.385	40.617	16.465	0.512840612
1384	maltose	19.821	17.333	8.894	0.586779878
1384	maltose	28.071	26.7	11.411	0.449323431
1384	maltose	35.734	21.838	8.433	0.631884948
1384	maltose	27.341	19.345	10.198	0.745061177
1384	maltose	32.18	26.816	10.176	0.455381249
1384	maltose	57.704	40.293	10.853	0.385741633
1384	maltose	45.274	35.734	11.813	0.418837737
1384	maltose	39.237	34.442	11.813	0.390732264
1384	maltose	41.788	30.148	8.667	0.398477101
1384	maltose	47.893	33.333	19.102	0.823383345
1384	maltose	45.923	34.596	7.601	0.291641422
1384	maltose	66.47	45.294	13.233	0.428748526
1384	maltose	38.053	28.79	11.411	0.523876934
1384	maltose	47.912	37.202	11.333	0.392334602
1384	maltose	21.592	21.838	10.088	0.456743338
1384	maltose	33.099	29.288	7.333	0.282954839
1444	maltose	28.16	19.925	12.649	0.897206028
1444	maltose	34.482	23.42	12.166	0.764832754
1444	maltose	29.411	19.704	7.211	0.546256338
1444	maltose	24.254	19.039	5.701	0.38145749
1444	maltose	24.418	18.742	6.021	0.418549521
1444	maltose	29	21.5	8.016	0.502896701
1444	maltose	23.114	12.379	5	0.754178222
1444	maltose	22.55	15.7	4.61	0.421743276
1444	maltose	24.005	21.401	8.485	0.444718732
1444	maltose	27.189	18.795	5.148	0.39622978
1444	maltose	11.102	10.548	6.265	0.625146863
1444	maltose	26.077	21.506	5	0.281908615
1444	maltose	9.962	9.849	5.148	0.528689641
1444	maltose	28.64	18.062	5.657	0.496623786
1444	maltose	25.145	19.729	8.016	0.517844303
1444	maltose	28.849	23.259	6.801	0.362678208
1444	maltose	25.495	18.398	5.831	0.439194435
1444	maltose	19.105	15.207	5.025	0.415141372
1444	maltose	29.72	21.783	6.519	0.408314124
1444	maltose	27.722	18.028	4.924	0.419998273
1444	maltose	13.865	11.853	5.59	0.551664596
1444	maltose	26.235	19.007	6	0.435717667
1444	maltose	35.655	27.065	11.885	0.578500267
1444	maltose	34.442	27.613	10.062	0.454512142
1444	maltose	25.622	19.105	7	0.491379442
1444	maltose	23.345	19.039	5	0.322014639
1444	maltose	32.33	24.52	7.81	0.41996762
1444	maltose	31.121	22.638	9.552	0.580058435
1444	maltose	62.201	16.568	9.618	2.179425198
1444	maltose	32.144	23.42	10.794	0.632569942
1444	maltose	30.923	21.19	6.801	0.46837368
1444	maltose	24.52	20.402	4.924	0.29006346
1444	maltose	39.115	23.548	8.016	0.565448412
1444	maltose	21.36	18.682	5.148	0.315059842
1444	maltose	16.194	12.5	5.59	0.579356544
1444	maltose	23.717	19.474	4.243	0.265352054
1444	maltose	18.069	12.5	4.031	0.46615129
1444	maltose	19.78	15.692	3.536	0.284041596
1444	maltose	20	17.007	5.5	0.380309577
1444	maltose	28.991	22.5	6.946	0.397770837
1444	maltose	25	21.541	4.528	0.243957798
1444	maltose	29.741	20.427	6.801	0.484751503
1444	maltose	24.418	19.78	5.523	0.344693075
1444	maltose	16.125	13.038	4.5	0.426864741
1444	maltose	24.3	17.692	3.905	0.303161083
1444	maltose	13.583	12.01	5	0.470846873
1444	maltose	22.611	15.692	3.606	0.331122653
1444	maltose	24.52	16.447	5.099	0.46220229
1444	maltose	91.549	18	17.029	4.811691114
1444	maltose	12.53	11.662	4.243	0.390911123
1444	maltose	26.443	20.616	6.021	0.374602388
1444	maltose	26.387	20.396	5.025	0.318739639
1444	maltose	24.622	20.261	3.808	0.22840127
1444	maltose	26.613	18.385	3.808	0.299822006
1444	maltose	21.708	16.008	7.566	0.640932064
1444	maltose	29.334	23.324	8.062	0.434718393
1444	maltose	22.389	17.066	4.031	0.309873196
1444	maltose	25.505	20	6.5	0.41445625
1444	maltose	22.506	20	6	0.33759
1444	maltose	23.759	21.054	5.5	0.294796016
1444	maltose	29.004	17.755	6.403	0.589114951
1444	maltose	24.602	22.327	3.202	0.158026891
1444	maltose	15.7	12.042	4.61	0.499118115
1444	maltose	25.283	20.573	6.708	0.400706518
1444	maltose	14.431	13.928	4.528	0.336841295
1444	maltose	24.698	19.039	4.95	0.33727078
1444	maltose	24.042	17.357	6.727	0.536837313
1444	maltose	35.26	23.243	10	0.652676451
1444	maltose	24.965	21.36	6.946	0.380070229
1444	maltose	24.352	22.006	5.59	0.281102188
1444	maltose	24.135	20.261	4.61	0.271035686
1444	maltose	13.038	12.298	4.717	0.40663792
1444	maltose	21.731	17.464	4.301	0.30645147
1444	maltose	22.897	16.771	5	0.407033984
1444	maltose	19.698	16.919	5	0.344066791
1444	maltose	29.971	25.715	8.062	0.365402042
1444	maltose	26.768	17.614	5.148	0.444159011
1444	maltose	24.151	17	6.576	0.549539709
1444	maltose	27.005	20.506	4.5	0.288997968
1444	maltose	25.87	21.57	12.104	0.67301548
1444	maltose	14.431	13.73	4.5	0.344483057
1444	maltose	23.585	19	5	0.32666205
1444	maltose	16.808	13.416	5.59	0.522013516
1444	maltose	34.442	23.162	6.5	0.417301172
1444	maltose	20.125	16.101	6.185	0.480142217
1444	maltose	30.5	20	6.519	0.49707375
1444	maltose	16.325	14.765	6.801	0.509282862
1444	maltose	22.327	14.841	5.701	0.577903179
1444	maltose	16.919	17.734	7.159	0.385135582
1444	maltose	19.039	14.534	3.536	0.318702946
1444	maltose	25.894	20.156	6.801	0.433474165
1444	maltose	24.274	17.755	5.59	0.430439187
1444	maltose	24.698	18.2	4.031	0.300560434
1444	maltose	26.101	18.822	3.202	0.235910318
1444	maltose	22.204	17.357	4.243	0.312719472
1444	maltose	24.166	18.2	4.61	0.336327919
1444	maltose	29.155	21.095	7.632	0.500025725
1444	maltose	30.504	21.506	8	0.527627589
1444	maltose	16.008	14.431	3	0.230603278
1444	maltose	25.269	21.477	6.801	0.372574902
557	dextrose	14.23	13	3.536	0.297735385
557	dextrose	31.113	22.277	11.715	0.734464437
557	dextrose	13.829	13.342	4.924	0.382531275
557	dextrose	30.992	22.361	5.701	0.353360663
557	dextrose	34.785	24.739	6.671	0.379156641
557	dextrose	29.833	20.5	5.701	0.404706563
557	dextrose	17.241	14.327	4.031	0.338582672
557	dextrose	32.442	23.854	5.148	0.293510558
557	dextrose	15	16.008	3.354	0.196327061
557	dextrose	26.462	22.192	4.924	0.264574401
557	dextrose	29.602	23.901	9.708	0.503058716
557	dextrose	30.373	20.408	8.515	0.62097119
557	dextrose	27.244	22.984	8.322	0.429187789
557	dextrose	15.232	12.093	4.472	0.465790493
557	dextrose	27.06	20.248	5.22	0.344535543
557	dextrose	17.529	14.009	5	0.446593991
557	dextrose	17.029	13.01	4.031	0.40555275
557	dextrose	27.951	22.672	6.021	0.327405757
557	dextrose	32.596	22.897	5.59	0.347551325
557	dextrose	27.893	22.94	4.272	0.22643296
557	dextrose	25.544	22.506	5.5	0.277367113
557	dextrose	16.125	15.008	5.5	0.393746558
557	dextrose	33.504	23.505	6	0.363854206
557	dextrose	29.004	19.526	6.103	0.464274356
557	dextrose	32.573	22.655	5.701	0.361810084
557	dextrose	15.572	13	5.385	0.496184734
557	dextrose	35.92	23.087	9.823	0.661980911
557	dextrose	19.164	15.042	5.523	0.467789034
557	dextrose	19.78	15.232	4	0.341014163
557	dextrose	15.572	16.688	4.272	0.238872996
557	dextrose	30.806	21.101	5.099	0.352788361
557	dextrose	21.26	17.734	3.202	0.216456773
557	dextrose	32.016	22.638	10	0.624727984
557	dextrose	12.51	14.009	5.5	0.350595008
557	dextrose	15.508	14.509	5.59	0.41180597
557	dextrose	13.865	13.657	6.042	0.449148523
557	dextrose	27.518	20.006	7.5	0.515653062
557	dextrose	24.187	21.552	7.28	0.37908642
557	dextrose	17.755	13.314	5	0.500810673
557	dextrose	14.773	11.705	5.22	0.562854788
557	dextrose	25.402	18.927	6.185	0.438575181
557	dextrose	12.298	10.977	4.61	0.470509163
557	dextrose	13.892	14.577	4.472	0.292368286
557	dextrose	12.806	14.16	7.211	0.460556044
557	dextrose	13.793	13.454	6.021	0.45880117
557	dextrose	31.241	23.2	6.946	0.403165848
557	dextrose	31.101	23.005	6.708	0.394205729
557	dextrose	15.008	13.537	5.025	0.411541873
557	dextrose	21.932	17.734	4.95	0.345199397
557	dextrose	19.609	16.447	6.103	0.442410506
557	dextrose	17.755	16.279	3.354	0.224713047
557	dextrose	17.443	15	4.472	0.346689316
557	dextrose	16.508	17.007	8	0.456592763
557	dextrose	15.338	12.816	6.801	0.635091808
557	dextrose	28.623	21.731	9.179	0.556353849
557	dextrose	25.08	25.125	7.826	0.310924708
557	dextrose	18.069	13.463	3.64	0.362870623
557	dextrose	23.022	19.506	4.031	0.243904273
557	dextrose	28.504	21.541	4.61	0.283188109
557	dextrose	14.431	14.916	4.743	0.307641416
557	dextrose	28.306	28.43	7.906	0.276873629
557	dextrose	29.703	21.095	4.243	0.283213719
557	dextrose	26.239	20.839	5.852	0.353588269
557	dextrose	15.232	14.151	5.148	0.391580636
557	dextrose	18.18	16.125	4.924	0.344280541
557	dextrose	36.5	24.021	10.548	0.667238073
557	dextrose	14.213	13.086	4.301	0.35697793
557	dextrose	14.765	14.009	5.148	0.387309116
557	dextrose	15.7	13.463	5	0.433097788
557	dextrose	30.566	23	6.5	0.375574669
557	dextrose	16.919	14.151	3.905	0.329929741
557	dextrose	20.18	16.263	3.905	0.297948276
557	dextrose	31.623	23.901	9.22	0.510389634
557	dextrose	14.16	14.213	3.905	0.273723938
557	dextrose	27.722	22.627	11.314	0.612613806
557	dextrose	33.708	25.269	7.81	0.412294848
557	dextrose	42.691	24.233	8.86	0.644103539
557	dextrose	17.103	16.279	4.61	0.297521103
557	dextrose	16.008	15.042	6.708	0.474590413
557	dextrose	28.004	23	8	0.423500945
557	dextrose	15.882	12.777	5.148	0.500824932
557	dextrose	16.14	15.042	4.031	0.287544563
557	dextrose	18.561	17.614	5	0.299126845
557	dextrose	21.645	16.125	4	0.332979989
557	dextrose	27.857	23.308	6.185	0.317149499
557	dextrose	19.602	15.628	3.5	0.280906394
557	dextrose	29.538	22.506	3.5	0.204104463
557	dextrose	16.325	13	5.59	0.539980769
557	dextrose	28.324	22.94	11.705	0.629998009
557	dextrose	24.965	21.506	6.403	0.345617552
557	dextrose	27.226	20.156	4.95	0.331726632
557	dextrose	28.601	22.902	6.801	0.37085759
557	dextrose	31.82	24.91	6.403	0.328349396
557	dextrose	17.335	15.652	4.031	0.285231158
557	dextrose	16.978	14.577	6.042	0.482759627
557	dextrose	16.568	16	4.5	0.291234375
557	dextrose	32.33	22.209	12.207	0.800122791
557	dextrose	18.007	16.008	4.5	0.316213005
557	dextrose	19.455	16.643	2.915	0.204741824
557	dextrose	24.274	19.3	5.701	0.371516213
557	maltose	34.154	18.581	9.192	0.909313048
557	maltose	26.235	20.304	8.631	0.549261269
557	maltose	21.639	18.742	7.106	0.437754403
557	maltose	21.593	15.572	2.236	0.199111339
557	maltose	27.115	21.03	5.852	0.358785911
557	maltose	22.94	17.923	6.265	0.447397012
557	maltose	16.568	15.008	4	0.294228295
557	maltose	18.062	14.08	4.272	0.389216974
557	maltose	24.627	21.095	4.5	0.249037624
557	maltose	17.393	12.649	5.408	0.587893684
557	maltose	23.585	15.435	4.743	0.469543397
557	maltose	23.286	18.927	4.123	0.268006091
557	maltose	23.049	18.561	4.5	0.301066102
557	maltose	23.754	18.768	5.315	0.358429735
557	maltose	31.753	20.839	4.924	0.360038595
557	maltose	13.901	14.16	3.905	0.270732613
557	maltose	23.049	18.561	5	0.334517892
557	maltose	26.019	20.025	11	0.713737042
557	maltose	23.77	20.616	7.382	0.412852018
557	maltose	34.329	20.797	7.906	0.627504116
557	maltose	27.459	17.263	6.576	0.605918176
557	maltose	26.401	19.209	6.708	0.479958755
557	maltose	28.111	22.5	7.071	0.39263779
557	maltose	25.495	20.887	6.5	0.379853594
557	maltose	30.806	20.112	5.831	0.444086767
557	maltose	29.364	20.156	6.727	0.486214542
557	maltose	15.403	12.748	5	0.473904912
557	maltose	28.469	20.839	11.402	0.747479867
557	maltose	30.037	19.026	7.566	0.627809534
557	maltose	22.589	19.164	6.576	0.404470159
557	maltose	20.67	17.614	4.031	0.268557503
557	maltose	31.036	19.506	7	0.570988476
557	maltose	30.806	22.322	9.341	0.577513945
557	maltose	14.56	12.258	3.162	0.306396646
557	maltose	32.33	21.8	6.403	0.435588313
557	maltose	32.28	24.166	9.962	0.550643505
557	maltose	30.208	20.156	8.602	0.639606269
557	maltose	32.237	19.906	7.616	0.619603062
557	maltose	23.409	20.815	7.071	0.382041788
557	maltose	19.3	15.89	3.041	0.232448065
557	maltose	26	21.024	8	0.470579105
557	maltose	22.361	15.652	3.354	0.30613614
557	maltose	22.344	14.5	5.701	0.605865132
557	maltose	27.295	18.795	5.148	0.397774535
557	maltose	22.136	18.974	4.272	0.262671284
557	maltose	24.042	18.5	3.5	0.245864134
557	maltose	30.067	23.436	5.523	0.302341778
557	maltose	24.418	21.57	5.315	0.278941459
557	maltose	23.521	18.028	7	0.506592462
557	maltose	26.968	20.261	9.823	0.645314064
557	maltose	28.231	18.848	6.325	0.502639073
557	maltose	25.739	19.723	4.301	0.284587069
557	maltose	27.354	18.554	6.576	0.522525564
557	maltose	24.026	18.069	6.671	0.490912598
557	maltose	13.865	13.285	4.123	0.323899361
557	maltose	25.656	17.205	5.315	0.460662502
557	maltose	15.977	15.042	4.272	0.301658322
557	maltose	29.585	21.095	11.102	0.738097505
557	maltose	23.901	20	6.364	0.38026491
557	maltose	25.224	17.357	6.727	0.563230362
557	maltose	22.94	16.447	5.385	0.456673422
557	maltose	22.94	19.235	8.944	0.554550145
557	maltose	29.364	20.887	8.201	0.551988327
557	maltose	25.933	20.427	5.59	0.347420459
557	maltose	14.983	13.657	5.852	0.470102411
557	maltose	16.808	15.207	6.325	0.45971585
557	maltose	21.523	15.033	3.5	0.33333394
557	maltose	33.422	20.934	8.846	0.674644416
557	maltose	15.297	13.829	4.031	0.322431536
557	maltose	26.954	21.213	3.905	0.233905309
557	maltose	28.601	19.3	3.162	0.242788698
557	maltose	13.829	11.281	5.22	0.567238998
557	maltose	29.568	19.78	5.701	0.430844364
557	maltose	27.933	18.398	8.846	0.730000718
557	maltose	26.239	18.608	4.301	0.32592474
557	maltose	26.856	19.679	8.732	0.605548599
557	maltose	24.824	18.173	7.566	0.568702119
557	maltose	21.225	15.182	4.272	0.393387874
557	maltose	31.085	20.131	5.5	0.4218741
557	maltose	20.652	16.621	3	0.22426891
557	maltose	24.622	19.007	5.22	0.355767835
557	maltose	25.812	20.359	6.964	0.433678143
557	maltose	16.971	14.534	3.808	0.30593845
557	maltose	19.912	12.42	3.202	0.41332628
557	maltose	27.115	19.039	4.123	0.30841442
557	maltose	26.196	20.402	6.325	0.398061362
557	maltose	24.166	19.679	7.159	0.446736135
557	maltose	22.611	18.31	5.148	0.347201521
557	maltose	25.739	18.795	4.924	0.35877738
557	maltose	12.971	11.102	3.905	0.410952902
557	maltose	28.306	20.402	10.817	0.735596824
557	maltose	28.636	20.815	9.925	0.655979155
557	maltose	25.739	20.573	8.062	0.490274394
557	maltose	21.57	16.985	4.031	0.301392084
557	maltose	24.683	19.105	3	0.202873403
557	maltose	23.817	18.722	5.701	0.387376808
557	maltose	25.348	17.72	6.185	0.499293563
557	maltose	22.472	18.2	4.717	0.320010941
557	maltose	24.965	17.734	6.708	0.532489705
557	maltose	21.024	15	4.924	0.46009856
622	dextrose	16.325	14.603	3.606	0.276054443
622	dextrose	15.7	14.431	5	0.376943973
622	dextrose	21.243	19.698	6.042	0.330789948
622	dextrose	16.263	13.829	6.403	0.544505926
622	dextrose	29.069	22.5	8.544	0.49059859
622	dextrose	16.378	13.73	4.301	0.373670863
622	dextrose	20.863	17.328	4.243	0.294817264
622	dextrose	18.527	16.125	4.123	0.29377781
622	dextrose	15.232	14.841	3.606	0.249376958
622	dextrose	28.814	21.8	6.364	0.385851982
622	dextrose	20.67	16.8	3.202	0.234500213
622	dextrose	18.561	16.378	4.472	0.309443548
622	dextrose	20.742	16.919	2.55	0.184774242
622	dextrose	21.954	17.066	4.301	0.324204934
622	dextrose	14.603	12.5	5.408	0.505427354
622	dextrose	22.897	20.156	7.28	0.410299761
622	dextrose	17.951	15.042	6.185	0.49070127
622	dextrose	20.555	15.628	3.5	0.294563357
622	dextrose	15.788	14.221	5.701	0.445059305
622	dextrose	21.054	20	3.5	0.1842225
622	dextrose	16.763	17.889	7.071	0.370391025
622	dextrose	15.953	14.577	6.042	0.453614343
622	dextrose	24.254	25.348	9.192	0.346981238
622	dextrose	16.621	17.414	5	0.274050169
622	dextrose	14.773	15.008	3.162	0.20738862
622	dextrose	18.062	15.297	4.528	0.349510094
622	dextrose	15.7	13.509	4.924	0.423614964
622	dextrose	21.506	14.916	6.021	0.582000716
622	dextrose	13.73	14.431	3.041	0.200490641
622	dextrose	20.524	16.711	5	0.367474436
622	dextrose	21.03	17.804	4.301	0.285347153
622	dextrose	19.416	18.337	7.517	0.434057979
622	dextrose	21.03	18.581	7.018	0.42747869
622	dextrose	16.155	16.808	5.59	0.31965882
622	dextrose	19.209	16.711	4.95	0.340490561
622	dextrose	22.55	20.718	6.964	0.365855553
622	dextrose	19.449	16.008	3.162	0.239985494
622	dextrose	15.207	14.56	7.566	0.54273413
622	dextrose	13.892	14.327	4.301	0.291087593
622	dextrose	20.591	16.771	3.808	0.278776692
622	dextrose	18.2	17.493	3.606	0.214470971
622	dextrose	16.378	17.103	6.021	0.337120298
622	dextrose	27.951	24.083	6.021	0.290164853
622	dextrose	29.808	25.283	9.657	0.450316499
622	dextrose	28.178	22.147	7.826	0.449593679
622	dextrose	13.829	12.369	5.099	0.460899895
622	dextrose	17.951	15.182	5.852	0.455758724
622	dextrose	23.964	18.581	5.523	0.383350635
622	dextrose	19.3	16.978	7.28	0.487433787
622	dextrose	18.2	16.643	6.708	0.440759027
622	dextrose	15.207	13.086	4.301	0.381943529
622	dextrose	22.853	20.652	8.016	0.429513378
622	dextrose	26.907	21.8	9.552	0.540812356
622	dextrose	25.962	23.564	6.403	0.299380576
622	dextrose	24.331	19.526	5.657	0.361010279
622	dextrose	21.272	17.678	6	0.40840713
622	dextrose	16.101	13.314	4.301	0.390665615
622	dextrose	17.007	14.983	4.272	0.323639407
622	dextrose	22.204	18.608	8.322	0.533653713
622	dextrose	22	18.007	8.062	0.54699423
622	dextrose	15.008	14.151	5.408	0.405308062
622	dextrose	17.007	14.509	3.5	0.282761837
622	dextrose	20.887	15.628	4.031	0.344732366
622	dextrose	12.349	14.396	7.616	0.453811033
622	dextrose	18.385	16.808	6.042	0.393198884
622	dextrose	15.182	13.601	7.159	0.587543016
622	dextrose	18.111	16.031	7.159	0.504514398
622	dextrose	22.946	19.164	6.265	0.391431471
622	dextrose	25.544	21.225	8.139	0.461492403
622	dextrose	15.042	15.232	9.192	0.595938904
622	dextrose	18.901	17.5	5	0.308587755
622	dextrose	17.414	15.24	7.211	0.540659828
622	dextrose	17.734	17.328	4.717	0.278596529
622	dextrose	18.527	17.029	5.59	0.357140102
622	dextrose	21.03	19.455	4.743	0.263529918
622	dextrose	16.553	16.101	6.671	0.425953269
622	dextrose	22.699	18.682	6.576	0.427682809
622	dextrose	27.613	23.377	7.826	0.395435707
622	dextrose	17.951	16.14	7.433	0.512207247
622	dextrose	20.887	15.945	2.828	0.232330606
622	dextrose	16.279	16.325	4.61	0.281593268
622	dextrose	17.923	17.066	6.801	0.418523643
622	dextrose	21.783	18.722	5	0.310730021
622	dextrose	21.966	21.26	4.61	0.224039907
622	dextrose	20.248	17.103	2.828	0.19575684
622	dextrose	16.447	16.492	8.139	0.492165411
622	dextrose	19.164	17.464	6.5	0.40842477
622	dextrose	20.555	19.039	3.808	0.215936547
622	dextrose	14.705	11.068	6.5	0.780261332
622	dextrose	16.401	14.705	4.301	0.326219347
622	dextrose	25.812	21.523	6.519	0.36324281
622	dextrose	15.508	17.564	5.852	0.294180074
622	dextrose	15.207	15.207	4.528	0.297757612
622	dextrose	16.919	16.621	6.042	0.370033559
622	dextrose	14.849	17.692	6.265	0.297210687
622	dextrose	23.759	22.204	10	0.481909758
622	dextrose	22.136	16.978	3.536	0.271542833
622	dextrose	28.504	23.5	5.5	0.283878678
622	dextrose	19.906	16.101	6.083	0.46708521
622	dextrose	20.839	18.608	6.5	0.391192785
622	maltose	21.378	18.439	4.272	0.268610873
622	maltose	20.7	16.711	6.801	0.504125008
622	maltose	12.021	14.396	6.042	0.350459343
622	maltose	22.743	21.401	3.808	0.189093481
622	maltose	25.303	15.264	6.042	0.656169473
622	maltose	24.749	19.416	5.701	0.374273579
622	maltose	30.806	18.31	7.071	0.649739784
622	maltose	19.242	17.241	3.354	0.217114268
622	maltose	19.416	14.705	5.025	0.451196552
622	maltose	23.335	19.449	7.433	0.458540168
622	maltose	21.954	17.335	4.61	0.336795975
622	maltose	16.568	13.537	3.5	0.316441382
622	maltose	21.731	15.692	4.924	0.434551404
622	maltose	24.135	20.396	5.852	0.33951707
622	maltose	11.885	12.981	9.22	0.65030008
622	maltose	26.043	20.524	6	0.370952455
622	maltose	14.5	9.899	3.905	0.57783839
622	maltose	20.863	14.16	5.315	0.55303615
622	maltose	19.906	12.54	5.831	0.73812849
622	maltose	26.401	21.506	5.831	0.332846608
622	maltose	26.277	17.557	5.852	0.498860916
622	maltose	28.5	19	4	0.315789474
622	maltose	15.116	12.777	4.123	0.381761764
622	maltose	22.902	18.035	4.743	0.333959838
622	maltose	24.047	19.506	4.5	0.284404836
622	maltose	17.103	14.08	7.106	0.613044767
622	maltose	13.73	11.673	5	0.503820194
622	maltose	21.36	19.313	5.22	0.298931905
622	maltose	27.731	17.671	6.042	0.536567048
622	maltose	16.971	12.748	5.701	0.595352751
622	maltose	25.807	21.401	7.81	0.440068641
622	maltose	15.532	12.748	4.61	0.440599701
622	maltose	26.163	16.101	3.808	0.38430743
622	maltose	22.204	15.7	4.301	0.387437235
622	maltose	17.007	14.009	3.354	0.290654131
622	maltose	16.155	12.176	5	0.544838374
622	maltose	15.692	16.225	4.272	0.25464792
622	maltose	24.026	19.906	7.071	0.428740303
622	maltose	21.645	21.783	5.148	0.234833876
622	maltose	24.749	19.235	7.433	0.497207198
622	maltose	26.177	15.882	8.322	0.863648854
622	maltose	19.3	14.866	5	0.436655622
622	maltose	18.822	13.124	5.408	0.590976224
622	maltose	14.08	13.342	4.61	0.364637817
622	maltose	26.173	22.55	8.515	0.438273352
622	maltose	23.377	19.449	7.071	0.436993585
622	maltose	24.52	19.007	3	0.203617252
622	maltose	14.327	13.038	4.301	0.362495609
622	maltose	29.449	16.8	4.95	0.516484375
622	maltose	12.748	11.705	6.042	0.562185888
622	maltose	18.722	12.104	5.701	0.728526665
622	maltose	23.087	14.08	4.5	0.524052391
622	maltose	21.477	11.885	5.385	0.818768173
622	maltose	27.042	22.389	7.211	0.389013714
622	maltose	24.668	16.621	4.528	0.404320777
622	maltose	23.548	21	6	0.320380952
622	maltose	31.82	18.248	5.523	0.527769968
622	maltose	31.149	15.338	4	0.529622751
622	maltose	12.748	12.207	5	0.427754089
622	maltose	25.105	18.035	6.403	0.494209892
622	maltose	13.946	13	6.5	0.536384615
622	maltose	21.03	15.811	4.5	0.378558593
622	maltose	15.977	13.757	5.59	0.471910422
622	maltose	27.663	17.678	5	0.442591452
622	maltose	17.755	13.2	4.95	0.504403409
622	maltose	24.021	13	5.025	0.714233876
622	maltose	46.068	12.5	6.671	1.966845619
622	maltose	11.511	13.2	3.905	0.257980114
622	maltose	16.101	14.841	4.528	0.331003768
622	maltose	14.142	11.511	5	0.533647807
622	maltose	26.519	17.5	5.148	0.445778978
622	maltose	12	13.5	6.021	0.396444444
622	maltose	21.932	16.711	4.924	0.386715343
622	maltose	19.105	15.305	4.301	0.35079211
622	maltose	24.418	17.357	3.536	0.28659791
622	maltose	12.748	12.369	6.083	0.50686312
622	maltose	26.538	20.518	7.106	0.447943606
622	maltose	32.191	20.224	4.123	0.324499244
622	maltose	24.829	20.125	5.408	0.331530992
622	maltose	18.901	14.866	4.272	0.365365696
622	maltose	26.8	22.677	7	0.364805716
622	maltose	24.99	16.919	5.523	0.482160822
622	maltose	25.612	17.734	6.042	0.492051778
622	maltose	23.759	17.117	5.523	0.447865799
622	maltose	25.179	20.025	4.528	0.284315048
622	maltose	25.807	21.101	5.148	0.298380189
622	maltose	29.125	20.555	4.123	0.284213241
622	maltose	18.722	15.953	4.924	0.36223095
622	maltose	30	19.912	5.315	0.402156189
622	maltose	12.5	12.176	4.528	0.381774707
622	maltose	18.828	16.5	5.701	0.394264198
622	maltose	28.57	19.059	5	0.393260226
622	maltose	31.579	21.03	8.078	0.576797908
622	maltose	13.73	12.59	7.5	0.649651343
622	maltose	22.984	18.062	4.472	0.315061787
622	maltose	22.209	18.028	2.236	0.15279379
622	maltose	22.94	17.671	5.523	0.405738485
622	maltose	16.621	12.369	6	0.651837319
622	maltose	19.039	14.327	4.472	0.414796809
622	maltose	17.007	11.18	4.5	0.612289227
628	dextrose	36.749	21.506	6.083	0.483330342
628	dextrose	21.378	16.378	6	0.478185706
628	dextrose	51.684	19.906	8.732	1.138942621
628	dextrose	29.3	22.142	6.185	0.369635463
628	dextrose	29.568	18.5	6.801	0.587558709
628	dextrose	53.059	29.017	7	0.441115259
628	dextrose	32.062	27	9.055	0.398246104
628	dextrose	41.68	23.436	9.618	0.729869985
628	dextrose	38.425	20.156	12.619	1.193521144
628	dextrose	36.459	21.272	9.192	0.740624577
628	dextrose	51.296	35.85	12.51	0.499301063
628	dextrose	26.077	18.608	8.078	0.608362003
628	dextrose	37.047	20.408	6.364	0.566085884
628	dextrose	24.3	18.035	6.727	0.502568666
628	dextrose	20.402	16.401	4.743	0.359737085
628	dextrose	39.294	19.449	8.139	0.845478828
628	dextrose	18.069	13.928	6.671	0.621366081
628	dextrose	50.105	17.414	7.159	1.182868179
628	dextrose	95.273	23.259	12.042	2.120734913
628	dextrose	23.005	22.55	11.511	0.520765493
628	dextrose	17.507	15.033	7	0.542273594
628	dextrose	18.035	14.849	5.701	0.4663079
628	dextrose	22.655	17.27	8.746	0.664337648
628	dextrose	43.278	19.849	7.433	0.816495982
628	dextrose	47.566	20.934	8.139	0.88341189
628	dextrose	120.924	18.742	14.16	4.874655074
628	dextrose	13.21	12.349	5.59	0.484229278
628	dextrose	43.832	26.926	7.433	0.449377928
628	dextrose	44.003	31.004	9.5	0.434881002
628	dextrose	25.045	21.024	9.192	0.520835234
628	dextrose	30.451	13.865	6.946	1.100263207
628	dextrose	17.357	15.338	6.801	0.5017761
628	dextrose	27.166	17.755	5	0.430878027
628	dextrose	28.218	20.94	6.103	0.392750046
628	dextrose	17.066	17.529	8.631	0.479378526
628	dextrose	161.193	17.007	19.313	10.76317732
628	dextrose	123.752	16.867	10.817	4.705257182
628	dextrose	28.539	20.597	6.964	0.468478404
628	dextrose	16.101	14.151	6.801	0.546828779
628	dextrose	32.098	18.385	7.906	0.750771044
628	dextrose	30.336	19.66	8	0.627886688
628	dextrose	31.753	17	5.852	0.642970782
628	dextrose	17.117	16.279	7.018	0.453299843
628	dextrose	65.691	19.416	10.012	1.744645471
628	dextrose	68.25	16.225	7.382	1.913847308
628	dextrose	14.577	12.649	8.276	0.754008515
628	dextrose	33.422	17.103	7.382	0.843454936
628	dextrose	33.871	21.954	7.826	0.549971953
628	dextrose	43.142	23.436	8.944	0.702530343
628	dextrose	23.927	17.586	10.198	0.788985678
628	dextrose	20.056	16	11.045	0.865306719
628	dextrose	21.19	19.039	8.246	0.482043265
628	dextrose	19.164	18.822	6.519	0.352643274
628	dextrose	27.102	20.7	7.81	0.493982637
628	dextrose	15	12.42	7.778	0.756338149
628	dextrose	15.556	12.42	6.519	0.657409119
628	dextrose	23.585	20.427	7.159	0.404649553
628	dextrose	26.8	18.173	7	0.568040866
628	dextrose	32.066	25.11	10.012	0.509181017
628	dextrose	34.986	24.274	13.21	0.784358151
628	dextrose	40.804	23.162	6.519	0.495828636
628	dextrose	52.101	17.804	8.846	1.453977958
628	dextrose	24.622	19.647	9	0.574081228
628	dextrose	56.289	20.427	8.276	1.116438585
628	dextrose	56.608	23.521	6.964	0.712565858
628	dextrose	47.692	19.912	10.7	1.28706223
628	dextrose	35.85	25.612	11.336	0.619529529
628	dextrose	19.474	16.651	8.322	0.584523849
628	dextrose	24.759	19.849	8.544	0.536929266
628	dextrose	33.601	20.402	7.211	0.582106182
628	dextrose	41.049	18.601	7.106	0.843053623
628	dextrose	26.954	18.768	5.701	0.436252848
628	dextrose	14.16	10.966	6.021	0.708982307
628	dextrose	38.122	17.393	7.632	0.961756311
628	dextrose	23.308	18.028	10.512	0.75386792
628	dextrose	12	12.5	5.025	0.38592
628	dextrose	35.735	19.698	6.801	0.626357519
628	dextrose	32.65	22.672	7.106	0.451365876
628	dextrose	39.538	19.526	7.159	0.742404319
628	dextrose	21.708	17.414	8.322	0.595731335
628	dextrose	36.335	19.3	6.801	0.663411998
628	dextrose	56.8	18.554	6.519	1.075608467
628	dextrose	97.737	17.614	10.308	3.247262747
628	dextrose	51.264	23.505	8.139	0.755201819
628	dextrose	30.923	20.863	9.192	0.653037499
628	dextrose	49.193	26.401	7.382	0.520998647
628	dextrose	108.915	16.348	9.899	4.034128818
628	dextrose	61.207	26.249	14.318	1.271914522
628	dextrose	28.745	23.537	8	0.415097469
628	dextrose	104.232	22.594	19.981	4.079735824
628	dextrose	17.847	15.403	7.159	0.538526346
628	dextrose	16.621	17.586	8.139	0.437415391
628	dextrose	20.396	17.066	6.083	0.425989934
628	dextrose	33.422	23.712	6.021	0.357902465
628	dextrose	31.133	20.125	6.801	0.522783616
628	dextrose	19.164	13.5	7.649	0.804309663
628	dextrose	18.337	16.978	7.071	0.449817206
628	dextrose	19.831	19.602	10.124	0.522511654
628	dextrose	26.077	18.722	6.103	0.454042509
628	dextrose	14.036	15.008	7	0.436210141
628	maltose	31.385	21.024	8.078	0.573581699
628	maltose	27.189	17.614	6.103	0.534835986
628	maltose	21.477	15.524	9.487	0.845464252
628	maltose	30.549	22.655	8.139	0.484439909
628	maltose	28.2	22.743	8.276	0.451205191
628	maltose	19.007	13.509	6	0.624911363
628	maltose	21.101	13.463	4.61	0.536686006
628	maltose	25.812	19.526	6	0.406206003
628	maltose	20.555	15.572	5	0.423836833
628	maltose	16.378	13.892	6.265	0.531682533
628	maltose	16.808	13.314	7.433	0.70479541
628	maltose	15.297	10.198	7.071	1.040056874
628	maltose	30.438	21.101	11.102	0.758946672
628	maltose	22	17.507	6.021	0.432183164
628	maltose	17.357	14.142	5.701	0.494770775
628	maltose	29.517	18.742	7.433	0.624603597
628	maltose	27.803	18.507	8.139	0.660679237
628	maltose	32.898	22.94	11.011	0.688350182
628	maltose	20.081	15.524	6.021	0.501702997
628	maltose	18.601	10.966	5	0.773410055
628	maltose	16.378	12.806	5.315	0.53080761
628	maltose	18.2	12.021	5.408	0.681125087
628	maltose	29.232	22.561	9.487	0.544842202
628	maltose	32.561	23.345	6.519	0.389485199
628	maltose	30.842	20.427	7.159	0.529158428
628	maltose	30.108	20.402	7.566	0.547271406
628	maltose	30.208	17.678	4.243	0.410136806
628	maltose	27.166	19.812	7.018	0.485716013
628	maltose	33.634	24.91	9.014	0.48859455
628	maltose	34.311	22.847	7.826	0.514416459
628	maltose	20.934	15.24	7.81	0.703936233
628	maltose	16.711	15.7	5.59	0.378978823
628	maltose	18.668	13.285	6.185	0.654205783
628	maltose	66.251	25.348	16.101	1.660190373
628	maltose	54.601	16.621	8.732	1.72583799
628	maltose	114.965	16.553	8.86	3.717456844
628	maltose	65.317	17.586	6.708	1.416723656
628	maltose	31.305	23.927	10	0.546810958
628	maltose	31.78	30.83	11.769	0.393501513
628	maltose	30.008	23.759	14.142	0.751781387
628	maltose	25.105	22.299	8.544	0.431370747
628	maltose	25.239	18.028	6.185	0.480304603
628	maltose	17.103	14.213	4.301	0.364141541
628	maltose	23.033	14.765	4.924	0.520237494
628	maltose	20.67	16.401	6.325	0.486026948
628	maltose	25.08	21.552	9	0.485953691
628	maltose	25.933	20.112	5.657	0.362684018
628	maltose	18.398	15.24	5.408	0.428388066
628	maltose	18.358	15.953	5.701	0.411236521
628	maltose	28.853	22.809	8.276	0.458985502
628	maltose	15.62	14.151	4.301	0.335487397
628	maltose	22.051	18.742	7.071	0.44389194
628	maltose	25.598	19.729	5	0.328825806
628	maltose	16.325	13.314	3.536	0.325647944
628	maltose	127.048	15.7	10	5.154286178
628	maltose	27.06	18.337	6.265	0.504187759
628	maltose	26.5	22.589	7.566	0.392932725
628	maltose	30.208	25.11	8.246	0.395068022
628	maltose	25.739	20.156	8	0.506842422
628	maltose	65.742	16.771	8.902	2.080714933
628	maltose	21.101	13.21	3.905	0.4721918
628	maltose	27.354	17.27	5.148	0.472144251
628	maltose	20.616	17.614	7.106	0.472186564
628	maltose	15.882	10.124	4.924	0.762990206
628	maltose	29.602	22.322	9.341	0.554942797
628	maltose	16.978	11.045	4.123	0.573810411
628	maltose	29.517	16.621	6.519	0.69652851
628	maltose	23.691	20.797	5.385	0.294963119
628	maltose	22.006	16.325	6.103	0.50393915
628	maltose	32.73	20.248	5.701	0.45512719
628	maltose	25.179	13.946	6.576	0.851335926
628	maltose	28.657	19.812	5.852	0.427246391
628	maltose	36.28	28.43	7.159	0.321340838
628	maltose	61.988	20.131	9.552	1.46107073
628	maltose	121.511	18.682	16.688	5.80996011
628	maltose	21.983	19.609	10.548	0.603040094
628	maltose	38.053	17.529	7.433	0.920531707
628	maltose	32.928	24.749	8.139	0.437543353
628	maltose	22.456	18.5	5.701	0.374058893
628	maltose	21.506	15.532	4	0.356586477
628	maltose	18.069	17.868	5.408	0.306068696
628	maltose	26.912	20.887	6.403	0.394982034
628	maltose	36.912	25.125	8.944	0.522982584
628	maltose	30.414	19.039	8.016	0.672578503
628	maltose	22.051	18.507	6	0.386284685
628	maltose	26.215	24.418	10.63	0.467372277
628	maltose	17.007	12.093	5.148	0.598684679
628	maltose	11.18	9.618	3	0.362571374
628	maltose	23.717	21.006	8.139	0.437465773
628	maltose	25.656	18.446	3.354	0.252899282
628	maltose	26.575	18.527	8.602	0.665982026
628	maltose	20	11.662	5.701	0.83836852
628	maltose	22.506	19.602	8.515	0.498749183
628	maltose	23.712	14.866	7.28	0.781108401
628	maltose	27.973	16.101	6.671	0.719820624
628	maltose	14.213	13.829	5.315	0.395009437
628	maltose	12.728	11.336	6.021	0.596360842
628	maltose	15.182	13	5.22	0.468935148
628	maltose	14.142	12.659	4	0.352997821
628	maltose	28.306	14.422	7.433	1.011560011
634	dextrose	12.258	12.021	8.732	0.740716723
634	dextrose	26.12	18.173	8.746	0.691718502
634	dextrose	86.444	21.915	8.602	1.548286557
634	dextrose	17.328	14.866	6.801	0.53325257
634	dextrose	14.916	13.601	5.099	0.411145655
634	dextrose	20.402	14.431	7.159	0.701345883
634	dextrose	29.108	22.55	9.22	0.527776678
634	dextrose	25.125	18.527	6.325	0.462973781
634	dextrose	20.012	16.978	7.517	0.521869584
634	dextrose	17.507	15.508	3.536	0.257402288
634	dextrose	50.09	17.066	7.018	1.206982332
634	dextrose	14.221	16.031	6.325	0.350001123
634	dextrose	12.806	14.213	5.701	0.361404059
634	dextrose	27.295	24.824	13.314	0.589723081
634	dextrose	25.505	23.005	7.071	0.340770263
634	dextrose	25.505	20	6.5	0.41445625
634	dextrose	16.279	15.524	5.852	0.395298141
634	dextrose	26.856	18.118	6.265	0.512556674
634	dextrose	19.105	17.564	9.513	0.589138876
634	dextrose	110.91	19.78	13.892	3.938065229
634	dextrose	107.119	24.749	13.73	2.401163514
634	dextrose	17.357	16.194	6.801	0.450131254
634	dextrose	17.335	14.151	5.59	0.483906429
634	dextrose	14.866	12.42	4.61	0.444274986
634	dextrose	16.378	15.042	7.159	0.518205551
634	dextrose	28.151	23.243	11.8	0.614881561
634	dextrose	17.183	16.008	6.708	0.449798386
634	dextrose	14.705	14.318	6.5	0.466244444
634	dextrose	28.636	18.118	5.5	0.479793691
634	dextrose	32.101	22.672	6.708	0.418920825
634	dextrose	23.838	16.194	8.246	0.749557365
634	dextrose	16.53	15.66	6.5	0.438129701
634	dextrose	33.242	21.03	6.964	0.523440548
634	dextrose	30.364	24.382	8.515	0.434915596
634	dextrose	26.907	18.035	4.472	0.369942971
634	dextrose	14.5	11.673	5	0.532075223
634	dextrose	14.714	13.238	5	0.419813116
634	dextrose	16.553	15.443	4.301	0.298526449
634	dextrose	20.934	17.614	5.831	0.393440694
634	dextrose	19.474	18.2	6.727	0.395488462
634	dextrose	16.279	13	7.018	0.676011964
634	dextrose	14.16	14.534	6.021	0.403609676
634	dextrose	15.24	12.5	7.106	0.693090816
634	dextrose	26.505	21.006	7.5	0.450507836
634	dextrose	28.636	18.439	10.308	0.868184514
634	dextrose	27.663	24.331	9	0.420554098
634	dextrose	18.2	14.841	7.433	0.614199121
634	dextrose	33.504	22.006	10.977	0.759448112
634	dextrose	18.2	15.811	3.202	0.23311705
634	dextrose	16.125	17.066	7.5	0.415238395
634	dextrose	200.092	17.586	15.953	10.3213844
634	dextrose	30.5	22.506	7	0.421503563
634	dextrose	37.232	17.923	7.616	0.882717815
634	dextrose	24.515	17.951	4.5	0.342347466
634	dextrose	83.355	19.235	10.7	2.410632749
634	dextrose	15.403	17.103	7.071	0.3723416
634	dextrose	17.443	12.093	6.727	0.802369668
634	dextrose	17.734	16.101	7.632	0.522082776
634	dextrose	17.27	15.207	7.433	0.555097637
634	dextrose	13.5	13.01	7.28	0.580644818
634	dextrose	17.007	18.125	7.433	0.384800665
634	dextrose	16.771	16.688	6.5	0.391438676
634	dextrose	16.401	14.534	7.106	0.551728248
634	dextrose	16.508	15.075	5.5	0.399523664
634	dextrose	30.004	20.5	8.5	0.606862582
634	dextrose	13.416	11.424	5.59	0.57464346
634	dextrose	15.133	15.075	6.576	0.437897227
634	dextrose	54.886	21.054	8.732	1.081200085
634	dextrose	36	22.051	7.5	0.555273804
634	dextrose	15.008	13.583	4.5	0.366052969
634	dextrose	13.509	14.142	5.831	0.393862449
634	dextrose	42.465	15.338	6.519	1.176724085
634	dextrose	14.603	13.454	4.301	0.346983386
634	dextrose	25.02	20	6.5	0.406575
634	dextrose	15.62	15.305	8.139	0.542731977
634	dextrose	17.007	16.125	5.385	0.352219968
634	dextrose	21.095	17.755	7.211	0.482540391
634	dextrose	42.606	19.474	7.211	0.810132262
634	dextrose	17.804	15.403	5.701	0.427816958
634	dextrose	50.826	19.962	6.964	0.888252814
634	dextrose	63.058	18.608	7.5	1.365847024
634	dextrose	21.783	18.608	10.5	0.660552888
634	dextrose	17.614	15.532	4.031	0.29431746
634	dextrose	21.272	16.553	5.385	0.418061911
634	dextrose	25.466	17.357	5	0.422650524
634	dextrose	30.083	23.119	6.325	0.355994742
634	dextrose	13.124	12.349	6.325	0.544331128
634	dextrose	26.101	18.2	5.59	0.440479984
634	dextrose	19.3	14.866	7.433	0.649132248
634	dextrose	18.028	18.007	7.5	0.416990426
634	dextrose	57.801	16.225	6.946	1.525108425
634	dextrose	32.65	21.26	10	0.72236495
634	dextrose	10.92	12.369	7.159	0.510982259
634	dextrose	18.2	15.508	6.5	0.491895852
634	dextrose	16.919	13.865	6.042	0.531759997
634	dextrose	13.086	15.556	5	0.270384039
634	dextrose	15.305	13.829	6.727	0.538360525
634	dextrose	26.005	22.051	7.762	0.415120249
634	dextrose	18.173	14.08	6.519	0.597588592
634	dextrose	15.008	13.509	6	0.493432406
634	maltose	48.503	18.601	8.746	1.226042398
634	maltose	101.559	14.151	8.201	4.159211123
634	maltose	32.901	17.5	6.403	0.687886051
634	maltose	24.398	12.748	6.364	0.955433112
634	maltose	16.621	14.705	6.576	0.505462448
634	maltose	25	20.081	9.849	0.610606571
634	maltose	29.155	11.045	7.517	1.796495591
634	maltose	21.36	16.155	3.905	0.319601171
634	maltose	18.768	13.086	5.701	0.624820405
634	maltose	22.561	14.431	4.5	0.487503801
634	maltose	19.449	13.2	5.148	0.574629545
634	maltose	29.568	24.52	9.341	0.45938244
634	maltose	34.63	22.94	7.762	0.510786373
634	maltose	18.788	12.083	5.148	0.662475069
634	maltose	19.698	14.089	3.808	0.377884201
634	maltose	25.005	21.006	7	0.396678056
634	maltose	21.024	13	4.243	0.527839243
634	maltose	28.657	22.638	7.632	0.426769107
634	maltose	19.105	14.807	6.083	0.530066925
634	maltose	26.8	21.477	10.5	0.610066052
634	maltose	22.638	14.151	5.22	0.590111797
634	maltose	21.915	15.532	3.536	0.32121733
634	maltose	13.946	15.788	5.59	0.31275714
634	maltose	49.952	18.398	11.402	1.682645735
634	maltose	26.315	19.602	9.862	0.675410181
634	maltose	20.261	13.829	8.062	0.854126344
634	maltose	19.506	18.111	5.5	0.32707402
634	maltose	17.357	13.086	5.59	0.566594872
634	maltose	35.362	25.239	12.207	0.677643812
634	maltose	67.309	13.2	14.56	5.624535354
634	maltose	29.262	9.179	5.099	1.77091729
634	maltose	34.329	17.847	7.211	0.777188205
634	maltose	40.528	20.506	10.124	0.975765374
634	maltose	59.064	27.171	11.011	0.88092386
634	maltose	39.5	19.526	9.618	0.996449511
634	maltose	26.8	18.2	8.016	0.648559353
634	maltose	30.017	21.03	6.801	0.461595445
634	maltose	25.08	18.173	5	0.379703223
634	maltose	26.315	21.708	22.655	1.265108621
634	maltose	26.907	12.104	4.61	0.846658697
634	maltose	31.004	9.899	5.701	1.803790606
634	maltose	30.004	20.506	7	0.499476766
634	maltose	52.146	13.342	6.964	2.040036276
634	maltose	42.503	24.021	5.315	0.391508042
634	maltose	35.92	13.657	6.964	1.34117198
634	maltose	32.757	12.855	7.826	1.551314323
634	maltose	14.089	10.735	4.717	0.576689372
634	maltose	20.616	19.925	7.159	0.371757816
634	maltose	27.203	20.555	8.139	0.524026063
634	maltose	23.712	17	7.632	0.626193716
634	maltose	16.643	15.008	5.59	0.41304539
634	maltose	25.773	14.23	6.083	0.774235339
634	maltose	24.622	13.2	5.408	0.764208999
634	maltose	25.461	21.19	9.22	0.522810697
634	maltose	48.974	21.915	8.485	0.865235786
634	maltose	35.118	19.235	6.5	0.616962475
634	maltose	29.09	14.983	6.5	0.842285877
634	maltose	20.081	13.285	5.385	0.612700065
634	maltose	25.812	19.526	9.192	0.622307596
634	maltose	91.611	22.204	11.8	2.192639299
634	maltose	17.219	16.56	5.385	0.338121642
634	maltose	29.682	16.919	5.59	0.579636316
634	maltose	27.295	20.718	10.05	0.639077464
634	maltose	26.201	15.914	5.657	0.585255277
634	maltose	23.162	15.882	5.408	0.496595016
634	maltose	55.509	15.89	11.011	2.420707812
634	maltose	26.12	23.505	9.055	0.428095947
634	maltose	45.599	22	11.011	1.03737725
634	maltose	21.932	16.553	4.743	0.379645216
634	maltose	46.309	18.507	7.906	1.068932208
634	maltose	30.676	20.616	11.011	0.794724644
634	maltose	37.316	16.101	6.946	0.999825395
634	maltose	34.442	17.692	5.148	0.566464945
634	maltose	32.035	23.601	7.211	0.414724234
634	maltose	38.565	19.416	6.801	0.695739377
634	maltose	20.012	14.431	8.246	0.792393622
634	maltose	26.086	13.463	8.016	1.153669754
634	maltose	84.336	12.379	15.443	8.499111845
634	maltose	71.432	18.2	9.394	2.025818766
634	maltose	151.084	13.463	13.124	10.93958897
634	maltose	32.33	14.841	6.946	1.019563204
634	maltose	46.295	17.755	9.434	1.385442822
634	maltose	50.567	19.039	8.276	1.15451453
634	maltose	33.871	17.066	8.078	0.939438566
634	maltose	49.422	10.512	5.701	2.549767921
634	maltose	27.933	8.846	6.364	2.271715192
634	maltose	25.7	18.2	6.964	0.540317594
634	maltose	22.825	13.657	5.148	0.629997325
634	maltose	36.222	17.117	8.515	1.052693102
634	maltose	41.503	19.5	8.246	0.90002298
634	maltose	19.039	13.416	4.743	0.501708154
634	maltose	37.108	19.906	6.671	0.624727306
634	maltose	25.283	19.313	8	0.54227441
634	maltose	31.401	16.8	8.485	0.944010364
634	maltose	31.623	19.78	8.86	0.716117382
634	maltose	19.164	14.221	6	0.568561096
634	maltose	29	20.555	8.322	0.571203352
634	maltose	20.006	13	5.5	0.65108284
634	maltose	24.622	19.416	5.701	0.372352986
634	maltose	59.71	15.435	7.778	1.949403504